5.013
4.436
4.341
4.143
4.189
4.15
4.016
3.996
4.151
4.377
4.499
4.401
4.439
4.24
3.635
3.647
3.609
3.985
3.647
3.443
4.071
3.573
3.715
3.713
3.659
3.975
3.972
3.583
3.706
3.928
3.945
3.931
3.911
3.921
3.735
3.582
3.596
3.654
3.835
3.663
3.667
3.582
3.568
3.738
3.643
3.582
3.563
3.665
3.832
3.656
3.62
3.746
3.572
3.866
3.552
3.598
3.568
3.644
3.599
3.607
3.507
3.682
3.489
3.445
3.964
3.441
3.483
3.548
3.439
3.566
3.541
3.737
3.612
3.342
3.647
4
3.402
3.61
3.598
3.432
3.603
3.429
3.436
3.501
3.471
3.758
3.519
3.545
3.591
3.614
3.888
3.856
3.679
3.68
3.766
3.746
3.768
3.747
3.671
3.462
3.554
3.694
3.722
3.656
4.003
3.763
3.854
3.725
4.691
5.452
4.052
4.106
4.022
4.016
3.829
3.79
3.816
3.736
3.696
3.757
3.761
3.727
3.738
3.707
3.708
3.932
3.73
3.886
3.816
3.877
3.784
3.915
3.663
3.695
3.578
3.974
3.932
3.873
3.809
4.115
4.194
4.109
4.049
4.06
4.11
4.089
4.157
4.306
4.097
4.111
4.115
4.049
4.12
4.143
4.042
4.115
3.708
3.649
3.593
3.583
3.57
3.56
3.581
3.638
3.775
3.742
3.689
3.643
3.642
3.699
3.635
3.939
3.695
3.677
3.554
3.712
3.573
3.36
3.92
5.201
5.009
3.882
3.847
3.681
3.594
3.701
3.749
3.961
3.895
3.764
3.951
3.562
3.688
3.978
3.834
3.883
3.668
3.756
3.916
3.707
3.724
3.784
3.83
3.837
4.182
5.419
3.861
3.803
4.013
4.098
4.021
4.133
3.922
3.958
3.895
3.768
3.757
3.841
3.881
3.756
3.83
3.535
3.69
3.98
3.763
3.733
3.481
3.497
3.557
3.543
3.533
3.759
3.634
3.679
3.604
3.64
3.577
3.588
3.524
3.755
3.453
3.564
4.166
3.584
3.504
3.619
3.448
3.556
3.576
3.578
3.711
3.461
3.536
3.464
3.688
3.407
3.352
3.411
3.491
3.819
3.498
3.451
3.501
3.505
3.429
3.461
3.385
3.646
3.733
3.583
3.734
4.137
3.51
3.528
3.605
3.768
3.637
3.705
3.919
3.808
3.767
3.899
3.842
3.583
3.721
3.814
3.697
3.815
4.07
3.683
3.643
3.648
3.57
4.515
3.858
4.531
3.794
3.684
3.765
3.706
3.661
3.757
3.622
3.742
3.792
4.121
3.714
3.703
3.884
4.359
4.58
4.671
3.818
3.507
3.803
3.569
3.862
3.481
3.706
3.644
3.657
3.537
3.611
3.509
3.501
3.58
3.51
3.704
4.008
3.486
3.442
3.368
3.653
3.65
3.38
3.544
3.562
3.555
3.596
3.476
3.548
3.417
3.457
3.684
3.888
3.708
3.756
3.446
3.737
3.595
3.38
3.921
3.499
3.633
3.432
3.557
3.456
3.574
3.586
3.446
3.617
3.606
3.492
3.431
3.339
3.444
3.658
3.941
3.49
3.554
3.639
3.459
3.752
3.541
3.538
3.407
3.591
3.602
3.597
3.705
3.461
3.5
3.466
3.657
3.717
3.687
3.912
3.706
3.467
3.572
4.01
3.537
3.547
3.562
3.834
3.416
3.437
3.864
3.716
3.383
3.563
3.472
3.353
3.455
4.064
4.248
4.151
3.777
3.973
4.492
4.497
3.819
3.723
3.773
3.761
3.931
3.836
3.659
3.623
3.722
3.899
3.559
3.782
3.513
3.581
3.442
3.453
3.426
3.425
3.815
4.165
3.578
3.574
3.592
3.497
3.462
3.704
3.907
3.968
3.769
3.635
3.541
3.577
3.496
3.543
3.603
4.009
3.719
4.023
3.43
3.67
4.565
3.731
4.471
4.35
3.964
3.705
3.781
3.684
3.674
3.704
3.637
3.654
3.564
3.538
3.741
3.48
3.619
3.621
3.644
3.902
3.79
3.683
3.726
3.74
3.728
3.645
3.454
3.509
3.563
3.854
3.604
3.609
3.545
3.792
3.539
3.409
3.469
3.842
3.442
3.671
3.928
4.446
3.756
3.407
3.595
3.507
3.48
3.598
3.419
3.72
3.646
3.516
3.362
3.86
3.924
3.459
3.706
3.736
4.891
3.697
3.622
3.83
3.816
3.704
3.649
3.75
3.737
3.573
3.462
3.543
3.739
3.651
3.537
3.492
3.563
3.467
3.582
3.471
3.541
3.591
3.438
3.506
3.908
3.524
3.704
3.708
3.482
3.635
3.545
3.375
3.704
5.927
3.762
3.652
3.673
3.738
3.774
3.787
3.858
3.716
3.614
3.783
3.742
3.748
3.613
3.502
3.541
3.674
3.939
3.915
4.063
3.576
3.535
3.567
3.679
3.762
3.452
3.439
3.528
3.515
3.702
3.532
3.452
3.625
3.602
3.632
3.549
3.724
3.348
3.561
3.432
3.64
3.719
3.593
3.483
3.912
3.608
3.38
3.509
3.82
3.377
3.514
3.784
3.808
4.101
4.2
4.218
4.178
3.812
3.502
3.463
3.47
3.737
3.417
3.358
3.662
4.61
4.338
3.587
4.493
3.887
3.524
3.97
4.063
3.76
3.608
3.613
3.521
3.474
3.702
3.54
3.621
3.532
3.56
3.404
3.485
3.716
3.443
3.723
3.349
3.933
3.719
3.495
3.504
3.759
3.494
3.453
3.528
3.518
3.619
3.547
3.403
3.868
3.583
3.635
3.342
3.583
3.874
3.64
3.915
3.747
3.686
3.587
3.443
3.571
3.502
3.361
3.494
3.543
3.39
3.507
3.72
3.585
3.66
3.615
3.426
3.692
4.1
3.474
3.773
3.467
3.66
3.774
3.399
3.797
3.696
4.096
3.391
3.585
3.695
3.39
3.499
3.461
3.419
3.951
3.795
3.692
3.505
3.615
3.753
3.418
3.307
3.594
3.63
3.57
3.458
3.462
3.422
3.448
3.817
3.465
3.769
3.611
3.963
3.864
3.819
3.628
4.811
3.964
3.629
3.517
4.106
3.682
3.758
3.815
3.794
3.705
3.822
3.659
3.739
3.585
3.761
3.64
3.737
3.505
4.026
3.364
3.66
3.465
3.501
3.354
3.577
3.797
3.466
3.316
3.392
3.315
3.355
3.416
3.325
3.891
4.846
3.956
3.725
3.559
4.427
3.852
3.69
3.502
3.587
3.526
3.407
3.488
4.007
3.377
3.58
3.652
3.526
3.599
3.559
4.01
3.837
3.543
3.513
4.839
3.878
3.7
3.783
3.516
3.83
4.333
4.457
3.603
3.575
4.138
3.619
3.714
3.898
3.655
3.454
3.469
3.728
3.542
3.377
3.545
3.566
3.486
3.533
4.385
3.477
3.477
3.751
3.821
3.675
3.656
3.882
3.986
3.75
3.703
3.678
3.924
3.383
4.137
4.284
3.664
3.857
3.676
6.252
4.398
5.837
4.019
4.407
4.022
3.99
4.229
3.827
3.711
4.048
4.1
3.719
3.776
3.689
4.013
3.735
3.956
3.708
3.536
3.56
3.442
3.44
3.599
3.995
3.535
3.387
3.378
3.491
3.571
3.606
3.778
3.685
3.508
3.477
3.501
3.469
3.525
4.037
3.589
4.018
3.475
3.3
3.453
3.794
3.75
4.098
3.421
3.407
3.732
3.395
3.369
3.614
3.91
3.568
3.706
3.433
3.376
3.697
3.419
3.709
3.36
3.576
3.433
3.674
3.76
3.821
4.024
3.413
3.712
3.355
3.563
3.435
3.676
4.607
3.522
3.547
3.648
3.961
3.642
4.048
4.023
3.786
3.78
3.702
3.586
3.42
3.585
3.919
3.509
3.547
3.538
3.581
3.578
3.587
3.833
3.641
3.778
3.553
4.048
3.751
4.488
4.648
3.765
3.751
3.946
3.529
3.501
3.612
4.081
3.76
3.716
3.917
3.62
3.71
3.706
3.641
3.749
3.78
4.07
3.455
3.347
4.259
3.599
3.512
4.651
3.689
3.385
4.122
3.751
3.768
3.626
3.548
3.877
3.531
3.368
3.369
3.493
3.611
3.461
3.57
3.575
3.42
3.558
3.405
3.694
3.39
4.055
4.177
3.463
3.379
3.83
3.512
3.504
3.528
3.7
3.703
3.691
3.64
3.426
3.54
3.32
3.894
3.684
3.393
3.481
4.114
3.406
3.443
3.731
3.406
3.427
3.626
3.403
3.574
3.665
3.739
3.811
3.371
3.466
3.728
3.798
3.407
3.362
3.844
3.402
3.798
3.399
3.91
3.382
3.513
3.702
3.407
3.7
3.485
3.811
4.415
3.466
3.56
3.626
3.83
4.978
3.902
4.234
3.756
3.84
3.749
3.766
3.94
3.772
3.862
3.914
3.754
4.116
3.683
4.165
3.728
3.56
3.702
3.786
3.51
3.578
3.754
3.633
3.559
3.638
3.564
3.969
3.667
3.831
3.505
3.717
3.428
3.597
3.487
3.464
3.797
3.347
3.452
3.454
3.68
3.754
3.722
3.799
3.4
3.647
3.526
3.462
3.561
3.409
3.493
3.999
3.675
3.435
3.64
3.374
3.74
3.426
3.709
3.512
3.658
3.796
3.916
5.148
4.565
4.185
3.447
3.469
3.464
3.481
7.324
4.113
3.971
3.964
3.992
3.644
3.768
3.833
3.771
3.613
4.038
3.604
3.647
3.654
3.745
4.305
3.667
4.277
3.657
3.643
3.779
3.648
3.566
3.665
4.104
3.564
3.805
4.34
3.684
3.701
3.982
4.178
3.63
3.673
3.629
3.677
3.594
3.574
3.929
3.568
4.077
3.636
3.637
3.419
4.144
3.406
3.477
3.369
3.919
3.354
3.583
3.404
3.904
3.551
3.489
3.477
3.455
3.513
3.395
4.023
3.412
3.375
3.454
3.649
3.522
3.467
3.817
3.442
3.64
3.449
3.369
3.724
3.44
3.659
4.028
3.483
3.769
3.732
4.123
4.115
4.448
4.286
4.18
4.174
4.125
4.137
4.008
3.392
3.373
3.454
3.619
3.86
3.523
3.663
3.649
3.694
3.485
3.387
3.86
3.572
3.6
3.42
3.391
3.474
3.424
3.817
3.791
4.3
4.324
3.904
3.678
3.75
4.652
3.401
3.438
3.404
3.492
3.542
3.49
3.827
3.63
3.371
3.482
3.542
3.654
3.669
4.073
3.412
3.671
4.012
3.697
4.374
4.203
3.799
3.825
3.64
3.716
3.974
4.04
3.825
3.592
3.544
3.595
3.539
3.569
3.631
4.334
3.417
3.566
3.443
3.43
3.383
3.879
3.898
3.918
3.432
3.492
3.42
3.471
3.522
3.321
3.839
3.541
3.647
3.607
3.476
3.614
3.536
3.713
3.498
3.754
3.423
4.896
3.553
3.525
3.729
3.53
3.59
3.538
4.778
3.743
3.929
3.95
3.833
3.961
4.052
3.849
3.747
3.398
3.868
3.699
3.722
3.879
3.483
3.566
3.377
3.519
3.648
3.611
3.67
3.699
3.448
3.404
3.357
3.655
3.493
3.718
3.344
3.444
3.563
3.657
3.567
3.469
3.668
4.069
3.361
3.444
3.661
3.564
3.765
3.993
4.543
3.984
4.711
3.445
3.657
4.242
4.623
3.774
3.798
3.911
3.914
3.89
3.762
4.174
3.73
3.656
3.701
3.663
3.803
4.131
3.684
3.679
3.642
3.557
3.45
3.618
3.466
3.999
3.651
3.506
3.386
3.526
3.369
3.323
3.92
3.405
3.363
3.489
3.557
3.908
3.427
3.668
3.43
3.622
3.762
3.547
3.713
4.941
4.173
3.794
3.646
4.286
3.731
3.745
3.679
3.744
3.58
3.493
3.77
3.592
3.435
3.389
3.332
3.514
3.388
3.639
3.62
3.614
3.437
3.547
3.427
3.4
3.807
3.519
3.423
3.408
3.646
3.438
3.456
3.652
4.109
3.44
3.418
3.314
3.812
3.537
3.477
4.333
3.476
3.354
3.811
3.369
3.515
3.772
4.014
3.758
3.429
3.462
3.825
3.602
3.419
3.794
3.701
3.375
3.556
3.526
3.4
3.461
3.486
3.819
4.667
3.676
3.533
3.882
3.63
4.081
3.616
3.754
3.652
3.762
4.388
3.593
3.924
3.9
3.72
3.513
3.594
3.749
3.578
3.79
3.427
3.815
3.419
3.425
3.481
3.521
4.043
3.501
3.417
3.511
3.774
3.599
3.563
3.501
3.577
3.435
3.631
3.475
3.723
3.408
3.353
3.363
3.321
3.532
3.399
3.717
3.4
3.618
3.436
4.023
3.46
3.708
3.855
3.45
3.619
3.507
3.664
3.408
3.585
3.399
3.926
3.79
3.483
3.596
3.54
3.489
4.032
3.815
3.576
3.476
4.97
3.825
3.633
3.832
3.439
3.445
3.551
3.441
3.587
3.611
4.248
3.621
3.576
3.494
3.717
3.481
3.388
3.749
3.676
3.319
3.607
3.719
3.504
3.388
3.36
4.695
3.911
3.517
3.622
3.602
5.123
4.083
3.761
3.855
3.874
3.712
3.738
3.797
4.313
3.529
3.773
3.651
3.865
3.738
3.592
3.893
3.564
3.442
3.52
3.983
3.631
3.638
3.54
3.488
3.576
3.53
3.952
3.416
3.537
3.322
3.702
3.447
3.522
3.729
3.65
3.316
3.418
3.377
3.593
3.545
3.396
4.04
3.807
3.408
3.52
3.525
3.456
3.514
3.616
3.558
3.365
3.541
3.527
3.457
3.485
4.269
3.388
3.713
3.628
3.68
3.466
3.471
3.716
3.69
3.391
3.31
3.531
3.479
4.376
3.946
4.127
3.668
3.539
4.716
4.466
4.539
3.903
3.75
3.659
3.516
3.595
3.487
3.698
3.662
3.699
3.451
3.424
3.767
3.459
3.413
3.736
3.692
3.834
3.576
3.486
3.931
3.873
3.85
3.541
3.517
4.29
5.358
3.669
3.638
4.043
3.573
3.694
3.979
5.54
3.464
3.912
3.804
3.702
3.783
3.749
3.691
3.615
3.539
3.794
3.635
3.682
3.634
3.56
3.62
3.554
3.636
3.617
3.581
3.547
3.717
3.544
3.696
3.822
3.829
3.87
3.425
3.495
3.386
3.615
3.648
3.526
3.9
3.611
3.489
3.472
3.568
3.394
3.49
3.431
3.629
3.307
3.716
3.479
3.482
3.598
3.447
3.864
3.727
3.69
3.824
3.67
3.307
3.719
3.486
3.393
3.61
3.535
3.42
3.479
3.519
3.565
3.64
3.454
3.565
3.652
3.606
3.688
3.753
3.439
3.667
3.361
3.685
3.573
3.499
3.432
3.431
3.544
3.442
3.419
3.581
3.846
3.367
3.491
3.668
3.477
4.238
3.586
3.44
3.687
3.775
4.378
3.683
3.68
4.695
3.858
3.849
4.02
3.899
3.928
3.831
3.763
3.694
3.631
3.655
3.577
3.711
3.628
3.688
4.979
4.925
4.845
3.667
3.479
3.482
3.511
3.563
3.467
3.507
3.943
3.642
3.773
3.655
3.562
4.427
4.192
3.692
3.618
3.597
4.527
3.957
3.545
3.535
3.51
3.623
3.486
3.445
3.525
3.593
3.406
3.836
3.537
3.394
3.583
4.682
3.955
3.79
3.707
3.764
3.717
3.483
3.429
3.517
3.299
3.485
3.633
3.345
3.543
3.496
3.585
3.339
3.474
3.373
3.549
3.566
3.818
3.694
3.614
3.715
3.548
3.531
3.424
3.568
3.495
3.7
3.416
3.408
3.933
3.357
3.438
3.522
3.546
3.427
3.5
3.531
3.683
3.666
3.52
3.649
3.945
3.896
3.858
3.776
3.665
4.118
4.125
3.687
3.776
3.692
3.594
3.868
3.832
3.945
3.693
3.693
3.644
3.683
3.637
3.843
3.78
3.561
3.682
3.571
3.358
3.729
3.474
3.468
3.547
3.533
3.454
3.584
3.425
3.396
3.654
3.354
3.7
3.456
3.515
3.381
3.686
3.399
3.71
3.546
3.482
3.474
3.558
3.465
3.794
3.838
3.925
3.836
3.988
3.815
4.049
3.581
3.643
3.499
3.538
3.468
3.423
3.426
3.668
3.483
3.428
4.304
3.466
3.537
3.54
3.519
3.499
3.512
3.456
3.972
3.539
3.693
3.487
3.502
3.564
3.695
3.476
3.406
5.054
3.627
3.794
3.655
3.558
3.502
3.554
3.586
3.438
3.529
3.708
3.35
3.569
3.512
3.485
3.548
3.611
3.969
4.173
3.451
3.698
3.642
3.714
5.457
3.907
3.845
3.753
3.664
3.782
3.688
3.644
3.6
3.667
3.755
3.475
3.52
3.449
3.702
3.454
3.412
3.539
3.447
3.456
3.624
3.542
3.398
3.509
3.588
3.381
3.599
3.369
3.665
3.409
3.518
3.351
3.691
3.549
3.634
3.396
3.568
3.469
3.5
3.531
3.652
3.729
3.748
3.685
3.719
3.763
3.566
3.414
3.456
3.64
3.561
3.52
3.531
3.477
3.523
3.508
3.591
3.47
3.589
3.664
3.312
3.444
3.914
3.522
3.565
3.36
3.333
3.548
3.307
3.383
3.506
3.409
3.559
3.546
3.346
3.325
3.256
3.453
3.263
3.361
3.301
3.423
3.771
3.329
3.389
3.464
3.416
3.51
3.535
3.461
3.39
3.836
3.842
4.049
3.623
3.482
3.702
3.584
3.703
3.559
3.871
3.644
3.57
3.401
3.501
3.415
3.637
3.646
3.51
3.414
4.121
3.762
3.697
4.168
3.617
3.61
3.474
3.542
3.506
3.398
3.694
3.744
3.644
3.502
3.623
3.538
3.509
3.598
3.469
4.198
3.387
3.515
3.317
3.486
3.459
3.411
3.421
3.537
3.764
3.525
3.447
3.648
3.487
3.772
3.428
3.309
3.259
3.406
3.589
3.519
3.483
3.482
3.936
3.388
3.418
3.378
3.459
3.556
4.084
3.528
4.016
3.405
3.555
4.511
4.444
3.692
3.626
3.444
3.493
3.556
3.531
3.395
3.408
3.398
3.424
3.476
3.499
3.487
3.609
3.991
3.398
3.383
3.43
3.351
3.302
3.562
3.651
3.307
3.41
3.382
3.367
3.521
3.883
3.876
3.528
3.447
3.47
4.824
4.388
3.545
3.702
3.557
3.794
3.7
3.583
3.513
3.618
3.86
3.509
3.41
3.459
3.601
3.504
3.868
3.418
3.44
3.719
3.713
3.427
3.515
3.485
4.128
3.548
3.379
3.421
3.634
3.486
3.908
3.519
3.703
3.796
4.31
3.944
3.915
3.744
3.804
3.665
3.894
3.54
3.548
3.853
3.714
3.414
3.657
3.521
3.69
3.681
3.753
4.169
4.169
4.146
4.147
4.145
4.494
4.717
4.08
3.747
3.7
3.671
3.673
3.639
3.468
3.515
3.447
3.483
3.425
3.548
3.486
3.502
3.658
3.581
3.542
3.582
3.48
3.469
3.476
3.415
3.416
3.479
3.934
3.6
3.383
3.413
3.591
3.529
3.532
3.492
3.522
3.822
3.468
3.435
3.516
4.018
3.929
3.684
3.435
3.607
3.881
4.897
3.807
3.987
3.669
3.626
3.646
3.698
3.806
3.731
3.74
3.672
3.554
3.679
3.396
3.544
3.419
3.553
3.398
3.375
3.776
3.576
3.454
3.473
3.726
4.871
3.445
3.585
3.485
3.422
4.038
4.45
3.34
3.675
3.523
3.51
3.651
3.749
4.102
3.574
3.486
3.441
3.389
3.444
3.381
3.476
3.662
3.361
3.413
3.44
3.486
3.491
3.567
3.389
3.431
3.512
3.43
3.703
3.504
3.383
3.619
3.59
3.321
3.383
3.446
4.449
3.715
3.646
3.462
4.561
3.572
3.456
3.474
3.592
3.318
3.512
3.873
3.654
3.323
3.472
3.517
3.437
3.568
3.491
3.454
3.795
3.834
3.337
3.452
3.475
3.459
4.359
3.69
3.936
4.008
4.716
3.861
3.498
3.932
3.549
4.305
3.568
3.912
3.76
3.698
3.641
3.719
3.666
3.66
3.557
3.647
3.723
3.606
3.547
3.757
3.734
3.52
3.574
3.701
3.577
4.124
3.601
3.458
4.056
3.618
3.311
3.733
3.966
4.122
3.392
3.38
3.344
3.684
3.594
3.407
3.542
3.326
3.562
3.507
3.345
3.429
3.666
3.6
3.358
3.639
3.604
3.55
3.364
3.434
3.513
3.43
3.524
3.707
3.309
3.916
3.601
3.528
3.508
3.369
3.487
3.643
3.507
3.435
3.607
3.793
3.431
3.571
3.501
5.002
3.514
3.7
3.511
3.439
3.572
3.508
3.607
3.487
3.559
3.508
3.549
3.425
3.523
3.401
3.582
3.382
3.851
3.774
3.573
3.371
3.428
3.444
3.293
3.34
3.474
3.319
3.693
3.543
4.092
3.492
3.622
4.183
3.61
3.851
4.059
3.592
3.628
4.125
3.651
3.741
3.731
3.902
3.496
3.617
3.721
3.749
3.842
3.763
3.843
3.805
3.601
3.789
3.573
3.692
3.662
3.576
3.925
3.449
3.424
4.08
3.432
3.541
3.55
4.562
3.838
3.639
3.564
4.167
3.955
3.741
3.805
3.644
3.66
4.168
3.561
3.939
3.7
4.045
4.397
3.688
4.246
4.201
3.706
3.735
3.576
3.613
3.684
3.579
3.55
3.555
3.42
3.867
3.581
3.589
3.972
3.62
3.469
3.526
3.348
3.398
3.359
3.4
3.715
3.421
3.448
3.761
3.483
3.492
3.473
3.813
3.378
3.314
3.417
4.033
3.49
3.451
3.58
3.493
3.571
3.684
3.649
3.554
4.944
3.781
3.779
3.49
4.169
3.913
3.495
3.406
3.795
4.459
4.609
3.671
3.792
3.538
3.695
3.713
3.588
3.509
3.677
3.537
3.534
4.078
3.38
3.582
3.414
3.654
3.749
3.504
3.461
3.553
3.421
3.407
4.868
4.751
4.207
3.585
3.602
3.404
3.607
3.54
3.858
3.555
3.582
3.58
3.71
3.439
3.736
3.591
3.476
3.743
4.202
3.549
3.827
3.594
3.671
3.585
3.726
3.463
3.62
3.55
3.5
3.574
3.494
3.847
3.465
3.413
3.456
3.833
4.351
3.35
3.351
3.524
3.934
3.887
3.61
4.033
3.603
3.615
3.669
3.598
3.484
4.555
3.743
4.3
3.854
3.501
3.65
3.474
3.462
3.549
3.461
3.322
3.308
3.476
3.4
3.621
3.332
3.366
3.351
3.399
3.474
3.437
3.574
3.625
4.377
3.571
3.528
3.441
3.958
4.467
5.274
4.674
3.905
4.218
3.694
3.671
3.996
3.712
3.634
3.888
3.671
3.921
4.107
3.915
3.821
3.732
3.729
3.724
3.467
3.77
3.499
3.497
3.432
3.563
3.543
3.616
3.744
3.672
3.655
3.744
3.611
3.749
3.813
4.073
3.966
4.099
3.966
4
4.395
3.959
3.962
4.018
3.969
4.085
3.995
3.974
4.055
3.956
4.009
3.958
3.804
3.835
3.85
3.806
3.837
3.844
3.798
3.631
3.574
3.409
3.523
3.439
3.445
3.48
3.444
3.444
3.434
3.38
3.317
3.462
3.375
3.459
3.771
3.79
3.749
3.493
3.458
3.495
3.439
3.406
3.614
3.471
3.348
3.735
3.512
3.443
3.799
3.872
3.463
3.569
3.589
3.996
4.003
3.801
4.195
4.173
4.441
3.86
3.882
5.046
3.729
3.76
4.106
3.96
4.006
3.846
3.878
3.71
3.765
3.732
3.988
3.705
3.55
3.436
3.426
3.552
3.385
3.511
3.407
4.27
3.378
3.343
3.479
3.51
3.441
3.632
3.329
3.353
3.565
3.627
3.413
3.501
3.459
3.558
3.938
3.39
3.468
3.378
4.455
3.396
3.821
3.607
4.215
3.531
3.331
3.461
3.519
3.63
3.591
3.428
