81.856
77.844
76.388
71.633
72.21
72.027
72.322
68.893
70.376
69.216
69.727
73.65
73.498
70.198
71.341
72.934
77.138
81.945
76.519
70.759
73.952
71.333
71.108
70.315
72.982
71.098
68.518
68.008
72.165
70.302
69.508
70.473
67.958
69.53
73.427
68.909
68.567
69.556
69.815
70.931
69.495
67.267
69.194
69.12
69.362
69.975
70.442
70.212
73.505
69.116
67.07
67.593
67.8
68.831
72.174
69.561
67.616
68.792
71.078
68.471
68.447
67.675
67.276
71.632
68.564
67.294
68.45
67.077
69.002
70.841
67.357
68.134
73.366
68.798
68.632
68.395
67.821
69.844
69.989
66.573
68.772
71.724
68.877
69.937
71.226
68.125
69.073
67.931
67.567
70.926
70.823
68.583
71.469
68.931
70.535
68.992
68.322
69.93
71.573
70.193
68.102
70.932
68.502
70.659
70.631
69.59
71.72
70.812
68.461
68.265
69.863
69.563
68.065
68.741
69.019
69.079
69.926
68.829
67.854
69.863
68.585
71.855
67.85
67.603
69.098
69.922
67.917
67.446
69.974
69.087
67.927
67.95
70.719
71.679
69.618
69.472
67.285
68.05
70.86
66.961
67.745
68.249
70.213
69.376
71.263
69.052
68.629
67.98
68.755
69.292
73.048
69.22
68.152
67.31
67.328
68.07
70.077
67.634
69.961
68.868
68.168
68.885
69.599
79.7
74.513
69.591
67.782
69.439
70.192
67.182
68.674
67.054
68.244
69.029
69.704
68.329
69.627
69.11
71.069
69.649
68.543
68.108
67.817
67.761
69.371
69.372
69.461
69.285
70.512
68.878
69.418
69.213
69.346
71.386
68.041
66.973
69.763
70.128
71.18
69.447
70.087
71.623
70.98
72.452
73.061
70.718
69.779
75.593
77.497
70.637
70.533
69.76
68.614
67.988
67.381
69.457
68.852
69.66
72.314
70.292
69.586
71.407
69.375
67.626
67.427
67.815
68.035
70.112
80.012
67.611
67.305
67.277
70.122
68.164
68.365
70.959
70.724
67.397
67.908
66.672
68.146
68.416
66.448
68.491
68.79
67.401
69.682
70.321
69.26
66.762
70.95
69.133
68.999
68.451
68.081
66.777
67.804
67.277
69.32
67.754
67.349
73.337
69.492
71.63
69.655
69.806
67.246
67.095
67.576
68.445
70.261
68.188
67.968
69.209
67.707
68.852
70.098
68.589
68.858
72.3
69.151
69.064
70.541
73.041
70.654
68.463
67.904
70.103
70.314
68.586
68.529
70.302
75.456
69.623
69.471
69.627
67.865
68.148
67.88
69.426
67.727
71.814
67.718
66.359
70.41
70.188
72.301
71.847
67.785
66.596
66.378
67.566
67.507
69.341
67.659
68.421
69.303
67.59
67.377
68.447
71.586
70.641
71.518
70.651
67.71
68.4
67.838
66.955
68.994
67.091
73.366
69.288
69.489
69.467
68.263
69.499
71.21
68.523
70.393
68.738
68.538
69.177
68.782
69.998
67.471
68.283
68.441
69.45
69.58
68.417
71.956
72.293
69.331
66.84
68.351
67.026
70.062
68.556
68.728
67.886
68.343
67.624
68.118
66.321
68.142
71.559
69.931
68.613
67.348
67.212
66.706
69.23
75.819
69.091
68.808
67.829
66.139
68.211
68.55
70.415
74.825
67.603
70.569
67.606
67.63
68.617
67.843
68.96
67.768
68.169
68.18
71.11
66.879
69.65
73.323
67.745
68.942
67.166
67.255
67.104
70.89
70.56
69.903
67.914
67.974
69.258
68.651
68.044
72.301
70.903
68.83
67.98
67.824
67.673
69.119
67.331
67.961
69.075
70.75
69.604
71.32
71.516
68.176
71.995
70.434
68.399
70.555
72.099
67.829
70.536
73.772
68.752
67.134
66.503
68.962
69.285
70.333
71.265
70.262
69.038
67.116
67.256
66.445
70.461
72.088
69.405
69.171
67.639
66.916
69.029
70.753
70.398
68.888
72.821
68.562
68.608
67.763
66.932
66.053
67.037
67.42
68.994
68.52
67.843
67.575
67.597
72.421
70.137
68.856
71.008
70.522
68.032
67.391
67.86
69.699
67.397
66.932
69.594
68.221
71.181
72.033
68.762
67.471
70.189
69.113
67.439
68.253
68.119
69.503
69.961
67.459
66.576
70.648
67.258
67.35
69.215
69.289
68.191
71.628
69.156
67.022
70.917
67.242
67.478
67.891
71.59
68.533
67.469
67.924
71.756
68.091
69.13
69.074
73.288
71.133
69.419
69.75
68.118
67.963
68.649
68.465
69.571
72.864
71.13
69.607
67.816
67.084
68.986
70.674
66.561
68.69
69.175
71.791
68.914
70.107
68.24
68.63
68.212
72.676
71.204
68.113
72.047
