10.21
10.863
10.039
8.938
9.082
8.946
8.87
8.742
8.353
8.534
8.194
7.958
7.953
8.097
7.91
7.756
7.707
7.955
7.812
7.889
8.19
7.774
7.715
7.802
7.742
7.888
7.895
7.723
7.682
7.7
7.585
7.72
7.596
7.754
7.555
7.965
7.866
7.606
8.058
8.421
8.161
7.651
7.581
7.569
7.57
7.481
7.595
7.421
7.752
7.763
7.662
7.454
7.797
9.132
8.131
8.247
8.325
8.007
8.106
7.8
7.69
8.497
8.072
8.037
8.333
8.132
8.246
8.359
8.188
8.405
8.363
8.478
8.417
8.097
8.015
8.267
7.911
8.045
8.077
8.099
8.202
8.124
8.274
8.111
8.012
7.958
7.793
7.959
7.805
7.517
7.663
7.518
7.793
7.938
7.932
8.956
8.472
8.035
8.466
8.3
8.179
8.005
8.826
7.781
8.564
8.189
8.458
8.22
8.01
8.506
8.147
7.948
8.019
7.8
8.095
7.774
7.559
7.732
9.451
8.093
8.035
8.252
8.269
7.955
8.907
8.877
8.47
8.275
8.116
7.991
8.202
7.764
7.771
7.725
8.509
8.371
7.923
7.983
7.677
7.678
8.127
9.284
7.578
8.387
8.142
8.344
7.944
8.038
7.845
8.085
7.912
8.03
7.604
7.726
7.86
7.868
7.709
7.59
7.735
7.807
7.727
7.586
7.976
7.81
9.133
7.624
8.174
8.355
8.22
7.633
7.498
7.562
7.534
7.71
7.618
8.092
9.625
8.504
9.013
9.708
8.07
7.942
7.598
7.702
7.683
7.456
7.567
7.413
7.934
8.292
7.458
7.669
7.763
7.776
7.523
7.638
7.911
7.604
7.728
7.409
7.491
7.599
7.623
8.271
8.197
8.431
8.1
8.446
8.064
8.301
8.093
7.792
8.191
7.783
7.63
7.564
8.644
7.472
7.833
8.357
7.861
7.77
8.205
7.981
7.862
8.19
7.628
7.911
7.503
7.508
7.497
7.769
7.963
7.535
7.692
7.691
7.464
7.469
7.623
7.667
7.86
7.669
7.922
8.164
8.083
7.659
7.72
7.497
7.531
7.558
7.592
7.584
7.476
7.692
8.215
7.597
7.632
7.623
7.866
7.321
7.367
7.862
7.591
7.547
7.669
7.722
7.552
7.803
7.652
7.495
7.986
7.776
8.032
7.579
7.964
7.749
8.189
7.736
7.774
7.785
7.876
8.662
7.88
7.978
7.868
7.655
7.591
7.837
7.637
8.457
7.869
7.519
7.504
8.223
7.858
7.589
9.334
7.988
7.822
7.62
7.877
7.521
7.976
7.956
12.752
8.636
8.439
8.237
7.966
7.866
7.741
7.594
7.452
7.671
8.08
8.469
7.577
7.796
7.792
7.944
7.289
7.514
7.467
7.808
7.402
7.645
7.333
7.644
7.366
7.452
7.401
7.693
7.323
7.498
7.561
7.487
7.334
7.737
8.246
9.245
8.387
7.931
8.52
7.678
7.56
7.707
7.616
7.785
7.556
7.682
7.835
7.936
7.948
8.264
7.616
7.87
7.578
7.737
7.781
7.514
8.16
7.649
7.685
7.737
7.505
7.583
7.491
7.716
7.38
8.035
7.811
9.075
8.133
9.038
7.576
7.638
7.671
7.715
7.507
7.674
7.519
7.418
7.458
7.599
7.771
7.454
7.49
7.759
7.867
8.077
7.52
7.477
7.732
7.431
7.52
7.533
7.515
7.454
7.654
7.593
7.453
7.631
7.764
7.935
9.48
8.659
8.044
7.998
7.688
7.448
7.619
7.731
7.352
7.473
7.676
7.622
7.863
7.258
7.659
8.268
7.732
7.412
7.874
7.694
7.534
7.464
7.502
7.468
7.37
7.55
7.361
7.69
10.089
7.661
7.662
7.542
7.818
7.973
7.61
7.346
7.712
7.312
7.736
7.458
7.535
7.394
7.552
8.203
7.981
7.808
8.67
7.666
7.741
7.753
7.819
7.347
7.571
7.58
7.519
7.568
7.399
7.541
7.442
7.802
7.562
7.55
7.638
7.551
7.502
7.391
8.515
8.224
7.919
7.627
7.511
7.914
8.116
7.579
7.905
7.768
7.542
7.362
7.387
7.391
7.734
7.854
7.509
7.52
7.584
7.889
7.499
8.067
7.77
7.554
7.822
7.499
7.529
7.584
7.377
7.364
7.487
8.903
8.869
7.939
8.961
8.761
7.761
7.85
7.882
7.365
7.633
7.689
7.59
7.27
7.426
8.256
8.291
7.706
7.945
7.512
7.638
7.799
8.379
8.967
8.067
7.827
7.83
7.94
8.09
7.634
7.69
7.554
7.573
7.804
7.957
7.791
7.71
7.467
7.593
7.48
7.707
7.398
7.549
7.97
7.586
7.248
7.514
7.682
7.429
7.436
7.964
7.773
7.646
7.621
7.656
7.753
8.934
7.632
7.584
7.638
9.515
9.838
7.91
7.784
7.425
7.608
7.51
7.429
7.491
7.833
7.395
7.603
7.535
7.14
8.117
7.685
7.485
7.56
7.803
7.853
7.647
7.76
7.669
7.299
7.431
7.786
7.697
7.724
7.377
7.887
7.561
7.875
7.647
7.775
7.872
7.889
7.746
7.614
7.76
7.561
7.495
7.887
7.876
8.176
8.753
8.006
7.807
8.451
8.011
7.774
7.783
7.365
7.78
7.716
7.32
7.595
8.478
7.662
7.453
7.696
7.737
7.631
7.476
7.773
7.597
7.626
7.474
7.711
7.517
8.449
8.017
9.069
7.436
7.638
7.85
9.068
7.74
7.484
7.706
7.566
7.732
7.551
7.514
7.938
7.579
7.734
7.717
8.228
8.019
7.596
7.592
8.507
8.164
7.751
7.441
7.521
7.557
8.003
7.73
7.471
7.632
7.665
7.501
7.465
7.46
8.797
7.558
7.58
7.691
7.494
7.549
7.48
7.352
7.925
7.675
7.671
7.481
7.47
7.936
9.072
7.564
7.606
8.173
7.894
7.56
7.385
8.744
7.776
7.622
10.132
8.311
8.026
7.565
7.741
7.616
7.605
7.568
9.703
7.548
7.598
7.774
7.619
8.313
7.669
8.884
8.921
8.329
7.676
7.786
7.568
7.493
7.455
7.311
7.617
7.382
7.578
7.911
7.619
7.901
7.688
7.861
7.758
7.708
7.83
7.997
7.673
7.876
7.73
7.856
7.77
7.552
7.591
7.688
7.833
8.173
8.1
8.039
7.515
7.888
7.642
7.955
7.546
8.011
7.514
7.442
7.798
7.912
7.908
7.798
7.503
7.756
7.896
7.684
7.467
7.786
8.152
8.032
8.643
8.084
7.63
7.906
7.477
7.584
7.458
7.546
7.483
7.559
7.565
7.79
7.81
7.496
7.739
8.01
7.672
8.07
7.585
8.055
7.588
8.053
7.873
7.676
8.02
7.703
8.14
7.757
7.462
7.359
7.598
7.741
7.936
8.03
7.415
7.95
7.763
7.609
7.667
8.064
7.46
7.762
7.837
7.701
7.368
8.057
8.242
9.842
9.229
8.4
8.034
7.783
7.444
7.555
7.629
7.669
7.539
8.238
7.643
10.409
8.391
8.07
7.645
8.24
7.587
7.564
7.475
8.117
7.624
7.695
7.781
7.713
7.347
7.542
7.532
8.347
7.541
7.568
7.954
7.825
7.605
7.707
7.653
7.729
7.488
7.624
8.093
7.843
7.375
7.559
7.401
7.559
7.326
7.845
7.493
7.516
7.491
7.826
7.489
7.527
7.441
7.544
7.469
7.717
7.527
7.601
7.614
8.383
8.618
8.505
7.711
7.541
7.768
8.083
7.727
7.677
7.495
7.685
7.965
7.628
7.717
7.873
7.628
7.656
8.673
7.605
7.644
7.683
8.582
7.706
7.528
7.58
7.506
7.455
8.035
7.632
7.457
7.586
7.598
7.777
7.411
7.683
7.664
7.931
7.705
9.016
7.987
10.217
8.436
8.334
8.274
7.835
9.125
7.835
8.216
8.05
7.884
7.556
7.854
7.62
7.582
7.425
7.805
8.455
7.728
7.763
7.897
7.728
7.821
7.644
7.629
7.652
7.518
7.399
7.471
7.833
7.792
7.81
7.692
7.833
7.344
7.686
8.01
7.314
7.575
9.568
11.552
9.169
8.57
7.46
7.933
7.725
7.574
7.415
7.919
7.527
7.455
7.651
7.936
7.4
8.233
7.493
7.63
7.485
7.972
7.486
7.472
7.668
7.726
7.317
7.51
7.829
7.505
7.64
7.491
7.517
7.581
7.551
7.696
7.412
7.629
7.878
7.26
7.487
7.604
7.547
7.631
7.603
7.348
8.421
7.714
7.794
8.352
7.68
7.52
7.622
7.622
7.52
8.095
8.805
8.302
8.107
7.827
7.583
7.696
8.653
8.189
7.846
9.075
8.182
8.304
7.976
7.697
7.477
7.538
8.816
8.079
7.864
7.72
7.867
7.574
7.887
7.737
7.565
8.117
7.752
7.529
7.343
8.294
7.49
7.594
7.483
7.965
7.675
7.859
7.588
7.753
7.951
8.025
7.613
7.89
7.671
8.364
8.276
7.483
7.681
8.129
7.63
7.582
7.344
7.654
7.539
7.348
7.447
7.478
7.328
7.681
7.723
7.856
7.586
7.655
7.268
7.909
7.544
7.542
7.52
8.438
7.598
7.695
7.716
8.23
7.574
7.416
7.832
9.429
8.336
8.732
8.205
8.02
7.484
7.55
7.938
8.011
7.736
7.569
7.449
7.929
7.27
7.572
7.522
7.531
7.369
7.337
7.317
7.567
8.23
7.913
7.469
7.65
7.699
7.859
7.688
7.793
7.433
7.742
8.348
7.985
8.278
8.094
8.614
7.867
7.723
7.859
7.509
7.62
7.771
7.708
7.692
7.971
7.285
7.27
7.427
8.02
7.58
8.31
7.897
7.546
7.491
7.667
7.822
8.387
9.412
8.109
8.136
7.854
7.646
7.585
7.594
7.647
7.408
7.526
7.805
8.18
9.367
8.252
7.739
7.853
8.061
7.895
7.756
7.897
7.447
7.841
7.716
7.702
7.855
7.43
7.457
7.473
7.946
8.028
7.526
7.465
7.38
7.598
7.55
8.777
8.001
7.695
7.604
7.461
7.381
7.724
7.451
8.091
7.397
7.765
7.476
7.592
7.385
7.562
7.494
7.604
7.311
7.533
7.546
7.698
8.138
8.151
7.444
7.938
8.158
8.159
8.169
8.276
8.259
8.231
8.229
7.976
7.293
7.603
7.997
9.558
8.882
8.34
8.002
8.052
8.566
8.128
7.953
7.857
7.76
7.65
7.801
7.728
7.563
7.564
7.792
7.729
7.91
8.005
8.172
7.979
7.633
7.668
7.506
7.833
7.464
7.784
9.474
7.575
7.689
7.916
8.009
7.723
7.678
7.459
7.92
7.808
7.565
7.345
7.824
7.796
7.422
7.51
7.654
7.901
7.69
7.5
7.494
7.853
7.783
7.928
7.638
7.383
7.404
8.278
7.34
7.877
7.607
8.305
8.121
7.891
8.428
7.498
7.824
7.629
8.46
8.194
7.674
9.008
7.93
8.433
7.751
7.563
7.776
7.72
8.089
7.476
7.641
7.788
7.747
7.774
8.102
7.91
7.531
7.542
8.218
7.777
8.031
8.328
8.468
8.068
7.929
7.769
8.66
8.25
7.673
7.866
7.849
7.582
8.13
7.763
7.966
7.767
7.954
7.837
8.614
8.294
7.539
7.815
8.426
8.405
7.417
7.6
9.865
8.498
7.543
7.889
7.884
7.788
7.638
7.766
7.866
7.651
7.581
7.463
7.288
9.324
8.094
7.906
7.785
8.122
7.721
7.687
7.563
8.016
7.607
7.899
7.767
7.754
7.404
8.513
7.366
7.933
7.62
7.429
7.298
7.772
7.433
7.538
7.461
7.585
7.389
7.529
7.384
8.015
7.491
8.018
7.492
7.615
7.434
7.47
7.46
7.427
7.483
7.417
7.579
7.68
7.949
7.275
7.392
8.626
7.728
8.171
7.701
8.127
8.229
7.457
7.747
7.566
7.571
7.806
7.912
7.412
7.546
7.62
9.398
8.088
7.599
7.729
7.997
7.936
7.757
7.637
7.833
7.612
7.93
8.016
7.664
7.512
7.585
7.615
7.924
7.87
8.032
7.566
7.815
8.151
7.741
7.924
8.209
8.07
7.819
8.193
7.783
7.888
7.659
7.837
8.684
7.516
7.569
7.561
7.64
8.068
7.511
7.425
7.36
7.748
7.84
7.594
7.784
7.561
7.296
7.696
7.956
8.471
7.58
7.824
7.334
8.141
7.421
7.614
7.295
7.46
7.935
7.82
7.425
7.701
7.486
7.421
7.62
7.395
7.71
7.485
7.901
9.571
8.167
8.599
7.781
7.77
7.853
7.526
7.614
7.543
7.441
7.326
7.804
8.05
7.408
7.541
7.563
7.467
7.385
7.365
7.582
7.899
7.552
7.465
7.533
7.511
7.666
7.895
7.897
7.517
7.969
7.776
7.811
7.595
7.674
7.666
7.726
7.882
7.713
7.688
7.53
7.941
8.114
7.669
7.508
8.411
7.498
7.413
7.579
7.586
7.891
7.823
7.657
9.206
8.185
7.8
7.695
7.65
7.614
7.568
7.947
8.725
8.136
8.213
7.71
7.605
7.522
8.411
7.625
8.254
8.956
8.016
7.705
7.443
7.486
7.641
7.65
7.691
7.54
7.658
7.445
7.355
7.418
7.296
7.582
7.709
7.646
7.68
7.528
7.567
7.698
7.511
7.612
7.656
7.475
7.383
7.257
7.904
7.506
7.427
7.387
7.399
7.583
7.628
7.66
7.984
8.01
8.404
7.949
7.753
7.739
9.086
7.885
7.764
7.383
7.72
7.723
7.35
8.511
7.458
7.871
7.95
7.667
7.705
7.782
7.591
7.265
7.484
7.568
8.98
8.204
8.203
7.758
8.062
8.31
7.628
9.096
7.573
7.413
7.76
9.12
7.979
7.524
7.528
7.428
7.953
7.454
7.934
7.499
8.432
8.06
8.086
8.372
7.926
7.722
7.745
8.183
7.609
7.49
7.605
7.553
7.38
7.622
7.611
7.478
7.631
8.022
7.982
7.403
9.126
7.899
7.601
7.729
7.651
7.598
7.711
7.662
7.587
7.61
7.657
7.527
8.059
7.89
8.74
7.993
8.11
8.269
8.635
8.585
8.302
8.014
7.985
7.833
7.492
8.309
7.566
7.672
8.296
8.655
8.326
7.829
7.799
7.562
7.476
8.038
7.503
7.646
7.761
7.744
7.427
7.701
7.434
7.709
7.587
7.694
8.033
8.114
7.958
7.594
7.723
7.951
8.014
8.125
7.604
7.774
7.395
8.098
7.532
7.823
7.562
7.721
7.476
7.572
8.142
8.197
7.618
8.101
7.61
7.71
7.706
7.536
8.32
8.163
7.648
7.934
7.621
7.609
7.396
7.747
7.997
8.984
7.912
9.087
7.766
8.368
7.807
8.781
8.89
8.33
8.304
8.115
8.359
7.729
7.485
8.017
7.611
7.703
7.673
7.903
7.915
8.343
8.426
7.575
7.706
7.678
7.74
7.72
7.809
9.142
9.83
7.828
8.149
8.049
8.168
7.407
7.824
7.764
7.697
7.416
7.429
7.576
7.779
7.578
7.452
7.626
7.667
7.362
7.301
7.681
7.549
7.43
7.397
7.517
7.931
8.018
7.612
7.506
8.039
7.476
7.948
7.4
7.532
7.695
7.702
7.976
7.895
7.408
7.835
7.692
7.754
7.545
7.597
7.56
7.46
7.564
8.951
7.683
7.933
7.694
8
7.78
7.564
7.498
8.094
7.872
8.392
7.668
7.824
7.806
7.416
7.84
7.579
7.659
8.062
7.519
7.68
7.607
7.791
7.55
7.798
8.447
8.045
8.651
7.961
8.218
8.006
7.588
7.599
7.455
7.769
7.504
8.063
7.981
7.625
7.398
7.6
7.967
7.38
7.749
7.749
7.502
8.137
7.648
7.425
7.411
7.444
7.522
7.408
7.751
8.308
7.553
7.492
7.822
9.982
8.082
7.655
7.89
7.529
7.455
7.743
7.509
8.977
7.833
7.542
7.623
7.762
7.39
7.6
7.411
7.685
7.536
7.415
7.203
7.809
7.525
7.679
7.332
7.288
7.634
7.291
8.237
7.902
7.687
7.923
7.755
8.254
7.823
8.607
7.866
8.427
7.687
7.722
7.367
7.672
7.423
7.45
7.512
7.559
7.464
7.675
7.602
7.826
7.622
7.941
7.606
7.679
7.471
7.767
7.801
7.966
8.277
8.162
8.069
7.975
7.504
7.756
7.836
7.686
8.134
9.382
8.418
7.663
8.885
8.616
8.28
7.74
7.809
7.678
8.345
7.755
8.727
7.806
7.78
7.823
7.653
7.884
7.569
7.764
7.83
7.358
7.701
7.296
7.607
8.09
7.585
8.01
7.566
7.799
7.488
7.624
7.38
7.685
7.5
7.595
7.427
7.905
8.058
7.596
7.66
8.752
8.116
7.959
7.858
7.554
8.006
7.827
7.746
7.713
8.738
7.695
8.52
7.874
7.844
7.732
7.398
7.742
7.631
7.62
8.392
8.309
8.89
8.023
7.694
7.83
7.943
7.776
7.898
7.622
7.84
7.773
7.686
7.393
7.455
7.449
7.734
7.265
7.425
7.556
7.918
7.417
7.506
7.606
7.495
7.654
7.454
7.661
7.661
7.569
7.945
7.353
8.036
7.524
8.194
7.583
8.197
7.321
7.249
7.571
7.744
7.304
8.747
7.415
8.346
8.349
7.999
7.421
7.594
7.627
7.613
7.437
7.783
7.784
7.567
8.527
7.548
7.604
7.934
7.707
7.801
7.599
7.477
7.628
7.574
7.344
7.451
7.674
7.542
8.154
7.447
7.444
8.3
7.951
8.137
7.322
7.481
7.603
7.557
7.529
7.4
8.003
8.007
8.355
8.395
7.623
7.57
7.604
7.748
7.733
7.654
7.725
7.409
7.308
7.803
7.836
7.583
7.348
7.536
8.131
7.525
7.412
7.925
7.846
7.732
7.412
7.665
7.726
8.204
7.43
7.421
7.33
7.464
7.703
7.371
7.687
7.774
7.523
7.345
7.209
7.539
7.542
7.262
7.597
7.511
7.548
7.557
7.479
7.346
7.374
7.77
9.68
9.35
8.435
7.786
8.483
7.863
7.831
7.693
7.54
7.645
7.702
7.915
7.987
8.912
8.92
7.892
7.635
7.571
7.507
7.754
7.797
7.936
7.704
7.546
7.675
7.371
7.616
7.445
7.337
7.553
7.58
7.516
7.466
7.682
7.308
7.215
7.814
7.39
7.725
7.434
7.638
7.337
7.549
7.443
7.6
7.335
7.559
7.231
7.674
7.298
7.714
7.304
7.84
7.435
7.469
7.356
7.359
7.462
7.543
8.045
7.623
7.589
8.046
8.057
8.469
7.437
7.483
7.701
7.632
7.703
8.29
8.209
7.479
7.452
7.278
7.308
7.594
7.42
7.425
7.954
7.722
7.719
8.175
8.398
8.382
7.597
7.854
7.788
8.309
7.597
7.664
7.705
8.358
7.807
7.67
7.59
7.557
7.526
7.299
7.721
7.463
7.324
7.694
7.16
7.394
7.386
7.745
7.459
7.692
7.466
7.85
8.493
8.212
9.086
8.763
8.095
7.732
8.205
8.083
7.81
7.667
7.636
7.901
7.905
7.745
7.718
7.558
7.407
12.245
8.01
7.746
7.615
7.603
7.587
7.67
8.156
7.619
7.787
7.597
7.777
7.566
7.924
8.143
8.499
8.458
7.586
7.349
7.648
7.458
7.446
7.351
7.623
