572.415
566.11
564.735
564.997
574.281
573.708
563.84
565.479
565.827
563.59
556.366
567.957
568.056
558.25
566.085
569.193
553.649
569.703
565
561.84
563.958
560.588
558.089
556.018
563.957
553.544
567.144
555.253
563.779
563.356
562.745
562.375
564.334
562.928
558.499
552.219
538.215
569.967
557.343
555.891
563.982
552.17
568.708
569.643
575.032
544.603
556
555.358
554.939
560.948
563.782
562.191
554.719
559.296
551.317
555.791
555.433
563.228
558.959
565.863
569.225
575.042
569.756
549.387
554.06
554.258
551.923
552.774
560.722
565.248
555.828
558.546
553.952
556.049
553.227
556.507
557.191
553.089
557.085
558.795
565.595
552.168
556.163
562.058
561.404
560.58
558.617
551.585
566.494
551.158
549.59
547.891
560.921
546.88
556.662
561.245
560.78
557.23
559.858
559.848
553.567
562.199
549.891
554.522
558.508
575.309
553.479
556.747
550.696
553.607
566.748
552.856
554.43
560.395
563.125
571.326
561.07
556.775
556.722
553.119
565.088
574.333
554.839
561.548
559.599
552.659
553.296
562.333
556.33
551.889
558.177
558.185
556.448
553.927
556.545
553.472
557.25
554.244
555.124
552.472
555.875
557.798
556.602
557.381
566.839
554.124
554.355
560.659
549.314
558.406
554.171
556.227
554.764
565.849
556.858
556.145
547.722
552.751
554.349
557.234
565.271
553.265
555.418
551.689
558.068
544.39
554.96
552.71
559.316
559.44
566.926
555.099
556.878
561.881
550.248
556.664
563.074
563.24
554.268
558.895
561.42
552.439
558.9
554.615
562.3
557.937
550.816
558.249
553.258
557.446
555.342
560.223
552.587
557.3
551.812
557.952
552.355
551.564
560.46
557.355
554.102
552.442
558.793
554.925
563.645
548.808
563.195
555.737
558.973
565.568
557.963
554.587
558.401
559.565
557.929
570.163
555.701
565.699
552.229
557.68
553.454
546.835
554.198
549.86
558.587
569.876
554.849
559.365
555.635
547.714
563.674
556.134
564.806
546.513
550.697
555.574
554.273
558.432
546.798
557.209
552.781
554.409
552.482
552.185
562.629
568.862
553.073
561.703
564.111
558.584
554.21
551.103
570.187
551.32
558.839
555.855
554.575
566.552
561.109
557.776
567.285
567.598
553.184
559.239
554.43
560.008
558.868
