19.698
20.494
21.468
20.199
18.179
17.328
17.411
17.036
16.515
16.485
16.574
16.423
16.935
16.527
16.734
16.35
15.979
16.782
16.612
16.344
16.835
16.134
16.234
16.961
16.666
17.027
16.722
16.33
16.477
16.397
18.321
16.961
17.64
18.2
17.416
18.024
16.847
16.773
16.615
16.787
16.352
16.003
17.167
18.162
17.343
16.297
16.198
17.961
17.532
17.278
16.977
16.878
17.072
16.553
16.9
16.407
16.499
16.572
16.446
16.276
16.617
16.578
16.544
16.82
16.46
16.258
17.32
16.964
16.835
17.431
17.466
17.35
17.258
17.023
17.179
16.517
16.624
16.691
16.243
16.627
16.376
17.201
16.761
18.376
17.063
16.697
16.432
17.139
15.951
18.456
17.167
16.31
16.332
16.469
17.511
17.207
16.806
17.141
16.407
16.418
16.672
16.978
18.284
17.695
17.539
16.806
16.799
16.279
16.6
17.563
16.951
17.692
16.111
16.425
16.319
16.405
15.662
16.187
16.656
17.541
16.444
16.318
15.873
17.203
15.946
17.266
16.536
16.283
15.907
16.243
16.212
16.495
16.606
16.356
16.433
15.842
16.269
19.503
17.93
16.935
17.315
16.871
16.258
16.619
17.009
16.353
16.606
16.987
19.115
16.924
16.537
16.984
16.24
17.318
17.913
16.414
17.542
17.52
17.29
16.235
16.372
16.079
16.058
16.178
16.371
16.194
16.548
16.34
16.352
15.857
17.061
19.017
17.069
17.819
17.379
16.408
16.733
17.271
16.977
16.386
16.477
16.001
16.152
16.004
16.17
18.635
16.447
16.405
16.364
16.158
16.621
16.13
16.999
16.637
17.301
17.902
17.016
15.886
16.086
17.241
16.175
16.357
18.326
17.307
16.78
16.462
16.741
16.466
17.48
16.653
16.633
17.437
16.088
16.749
17.796
16.575
16.947
16.355
16.309
16.425
16.088
16.486
16.177
15.738
17.065
16.016
16.14
16.277
16.223
17.572
17.056
16.642
16.88
17.996
16.133
16.22
15.947
16.958
17.383
16.473
16.273
15.69
16.078
15.809
17.505
16.201
16.892
16.372
16.555
16.149
16.416
16.702
16.781
16.268
16.157
17.062
16.361
15.818
16.171
16.312
16.809
16.192
15.766
16.131
17.253
16.017
16.239
16.075
19.974
17.183
16.209
16.621
16.121
16.037
17.464
17.099
16.48
16.481
16.933
16.856
18.452
16.145
16.906
17.016
16.238
16.626
16.762
16.542
17.976
16.03
15.742
17.361
18.049
17.755
16.973
17.556
16.58
16.67
16.434
16.331
16.387
18.651
16.929
17.475
16.555
16.381
16.96
16.175
16.535
16.786
16.347
16.798
16.605
17.582
16.609
16.493
16.591
17.67
17.673
16.83
17.286
16.895
16.385
17.758
16.264
16.137
18.487
16.514
16.938
16.265
16.095
16.457
16.915
16.808
16.641
15.948
18.499
16.493
16.419
17.089
16.701
17.29
16.808
16.343
16.527
15.936
16.87
15.963
16.551
16.567
16.419
16.326
15.965
18.004
17.714
16.702
17.556
16.554
17.001
16.931
16.43
17.013
18.348
16.613
20.253
20.627
16.448
16.341
16.139
16.64
16.072
15.856
17.245
16.164
16.059
16.197
16.003
16.015
16.014
16.16
16.111
16.026
16.673
16.072
16.332
19.332
16.449
16.277
18.117
16.764
16.989
17.031
17.202
17.052
17.286
17.041
16.162
16.732
16.389
16.311
16.216
17.211
17.07
17.089
16.222
16.461
16.164
16.302
16.649
15.995
16.295
16.735
16.19
16.308
17.652
17.596
17.163
16.651
16.762
16.662
16.63
16.374
17.78
16.295
16.883
17.514
16.639
16.301
16.201
20.584
16.648
16.803
16.699
17.037
15.906
15.866
15.925
15.965
15.853
15.733
15.932
17.258
16.621
16.748
17.076
17.277
17.23
17.299
16.995
17.92
18.073
17.726
16.716
16
16.545
16.9
16.123
16.835
16.371
15.721
17.382
17.183
16.782
16.654
16.506
16.917
16.963
16.784
16.887
16.741
18.044
17.221
16.894
17.108
16.257
17.648
17.601
17.22
16.307
17.042
17.159
17.075
16.875
15.833
16.34
16.526
16.444
15.929
16.739
16.471
16.114
15.885
16.513
17.24
16.104
16.081
16.346
16.535
16.675
16.071
16.056
17.775
17.908
16.665
16.633
19.493
16.94
16.906
16.815
17.293
17.385
16.575
16.734
16.351
16.43
17.019
16.723
16.873
16.713
16.615
16.603
17.491
17.324
16.573
16.287
16.501
16.291
16.404
16.322
16.836
16.228
16.318
17.39
16.641
16.559
18.039
17.663
18.324
16.406
16.603
16.326
18.379
16.923
16.809
17.46
16.564
16.979
17.679
17.513
16.701
16.487
17.153
16.471
16.649
15.984
16.134
16.815
15.702
16.046
16.093
15.763
15.817
16.593
17.995
18.415
18.533
17.47
16.971
17.069
16.861
16.984
16.386
17.708
16.538
16.515
16.345
16.625
17.959
17.49
16.667
16.861
17.044
16.713
16.108
16.223
16.791
17.984
16.135
17.039
16.455
16.198
16.005
17.846
16.736
17.081
16.385
16.571
16.668
17.481
16.71
16.385
17.267
18.014
17.633
17.621
16.952
16.636
16.317
16.238
16.96
16.613
17.426
16.66
16.433
16.138
16.95
16.533
16.404
16.664
16.51
16.42
15.841
16.597
16.696
18.715
16.778
16.927
17.112
16.195
17.063
16.558
16.17
16.118
16.076
16.357
17.844
17.389
17.006
16.384
17.655
17.094
17.032
17.143
16.91
16.274
16.324
16.634
16.708
15.712
16.565
17.548
17.382
16.731
16.843
16.42
16.283
16.194
16.016
16.415
18.854
16.768
17.73
16.348
16.832
16.452
16.653
16.553
16.368
15.892
16.421
16.794
16.371
16.266
16.665
16.898
16.315
16.797
16.065
16.208
16.171
16.61
15.844
15.707
16.003
19.701
16.122
16.746
16.729
16.248
16.982
16.408
17.781
16.287
16.5
16.165
16.903
16.381
16.819
16.465
16.405
16.483
17.534
18.909
17.157
16.809
16.42
16.39
16.433
16.052
16.343
16.074
16.213
16.032
16.208
16.897
16.326
16.619
16.353
15.819
16.02
16.414
19.899
16.738
16.071
16.572
16.975
16.318
16.563
16.975
16.119
16.326
17.006
16.328
15.733
16.004
16.219
15.896
16.06
17.44
17.326
18.55
22.213
20.435
19.973
19.172
19.351
19.186
17.45
17.451
21.287
21.335
19.63
16.464
18.628
19.626
16.511
17.03
16.155
16.561
16.826
16.243
16.048
16.462
15.92
17.928
18.954
18.928
16.952
16.725
16.135
16.171
17.684
17.209
16.67
17.06
16.482
16.701
16.297
17.528
17.433
17.379
16.491
16.429
16.473
16.216
15.943
17.472
16.474
16.959
16.455
15.883
15.986
16.75
16.473
16.527
16.114
15.935
16.19
16.005
17.668
16.861
20.493
18.065
18.632
17.927
17.824
16.998
16.596
17.197
16.587
23.93
16.973
16.375
16.528
16.216
16.654
16.286
16.733
16.258
16.533
15.832
16.232
16.749
18.136
16.582
16.803
16.468
16.312
16.261
15.88
16.381
16.168
16.429
16.725
16.499
16.827
16.45
17.46
17.047
16.646
17.761
17.646
17.02
16.701
17.46
16.992
16.205
16.273
17.494
16.359
16.58
16.469
17.297
16.195
16.469
16.234
16.108
15.78
16.394
19.033
18.269
17.172
16.941
18.297
16.907
16.795
16.898
16.568
16.667
16.791
17.435
16.85
18.297
18.307
20.528
18.687
16.405
16.865
17.427
16.538
16.827
17.234
16.67
16.548
16.222
15.998
16.266
16.947
17.315
16.497
16.553
16.506
16.303
16.236
16.276
16.125
17.117
17.697
16.904
16.214
17.567
17.905
17.28
17.305
16.684
16.786
17.005
16.496
16.452
16.371
15.981
16.251
16.764
17.279
17.374
24.637
16.323
16.467
19.521
16.362
16.737
16.883
16.398
16.393
23.85
16.296
16.216
16.046
16.005
16.449
16.561
15.961
16.064
16.151
16.856
16.926
17.284
16.64
16.213
16.592
16.641
16.98
16.626
16.3
15.663
16.128
16.143
16.101
17.164
16.793
16.91
16.669
16.573
16.363
16.026
17.191
16.172
16.286
16.398
16.794
15.885
18.973
16.848
17.062
16.71
16.32
15.998
16.053
16.047
15.884
15.847
15.993
16.209
17.185
16.469
15.883
16.534
19.109
17.007
16.327
16.385
16.453
16.467
18.69
17.429
17.4
17.005
16.583
16.772
16.162
17.493
17.899
16.473
16.615
16.561
17.774
16.342
16.5
16.789
17.132
15.913
16.674
18.237
16.859
16.274
16.612
16.474
16.71
16.763
16.8
16.344
16.441
17.181
15.937
17.552
16.402
16.529
16.437
16.387
17.971
17.813
18.307
16.774
16.844
16.426
16.306
16.907
16.706
16.271
16.057
16.254
16.124
16.155
15.877
16.663
16.838
18.756
17.138
16.678
16.423
17.456
16.291
17.601
16.495
15.934
16.083
16.221
17.028
16.035
17.144
16.39
16.243
15.937
15.761
17.524
17.779
16.228
16.707
17.122
16.388
16.51
18.335
16.942
16.627
16.164
16.731
16.59
16.431
16.654
16.306
16.131
15.779
16.246
17.724
16.531
16.971
16.255
16.484
16.323
16.056
16.362
15.884
20.534
17.492
16.861
16.377
16.705
15.975
16.293
15.78
18.148
17.158
16.089
16.128
16.368
18.315
16.972
16.606
16.767
16.712
16.497
18.764
17.581
17.598
17.129
16.269
16.675
16.706
16.555
16.932
15.882
16.897
17.099
16.708
16.677
17.375
16.65
17.49
16.301
16.996
16.43
16.238
16.7
16.041
16.575
17.986
17.241
16.534
16.529
16.968
16.571
16.906
16.86
16.616
16.801
16.237
16.702
16.584
16.168
16.707
16.593
16.622
17.296
17.469
16.577
16.874
16.627
16.197
16.407
17.01
16.38
15.712
16.043
16.781
20.451
17.812
17.74
16.783
16.612
19.53
16.884
17.689
16.842
16.424
16.623
16.99
15.974
16.564
16.567
16.868
16.372
16.368
16.476
16.017
16.531
16.456
16.385
16.219
16.578
15.995
15.847
15.921
16.052
16.638
16.865
16.618
16.574
15.797
17.547
15.856
18.808
16.436
16.475
16.301
16.173
17.351
16.714
17.786
17.671
18.402
17.615
17.507
17.851
17.684
17.988
16.663
16.353
16.55
16.922
15.85
16.276
16.2
20.156
16.858
17.385
16.423
16.477
16.462
17.081
20.93
17.681
16.355
16.577
16.9
16.696
18.266
15.988
16.443
16.229
16.392
16.727
18.108
17.024
17.063
16.793
16.663
16.639
17.554
16.632
16.714
16.109
17.288
16.84
16.718
16.974
16.325
17.078
16.379
18.606
15.944
16.375
17.376
17.412
17.825
16.927
16.324
16.145
16.528
17.436
16.885
