162.639
144.803
141.49
140.587
143.144
138.269
142.738
143.953
140.196
148.703
140.039
140.822
144.272
140.533
140.821
139.82
138.068
138.014
140.452
137.969
141.252
143.649
137.029
136.416
140.592
138.023
137.161
138.628
144.097
138.011
143.751
138.225
137.237
141.138
139.039
140.708
137.239
138.011
140.058
140.463
137.364
138.006
145.53
139.439
139.667
137.355
143.137
149.923
135.802
139.023
139.593
139.188
136.997
140.253
142.56
138.606
139.554
143.562
137.157
139.356
139.865
136.173
136.471
138.195
151.623
135.546
135.966
136.137
139.679
138.582
139.653
142.364
142.264
138.17
139.205
139.595
140.535
141.23
146.397
142.316
141.629
140.531
138.748
137.363
138.674
140.256
139.761
137.954
140.62
137.696
137.83
135.089
136.835
145.425
140.132
135.362
142.163
143.239
139.407
139.133
140.782
142.524
139.037
137.823
138.445
141.568
136.187
140.198
139.01
140.714
138.126
139.644
135.597
137.934
143.778
135.673
136.908
136.583
139.026
139.43
138.413
140.574
138.789
139.621
139.138
137.922
140.843
138.997
139.46
142.925
141.561
141.593
137.819
137.645
136.659
139.57
144.139
136.665
140.395
136.067
140.205
138.644
138.046
140.423
140.955
135.778
140.149
139.645
139.354
140.432
143.049
135.83
139.93
143.535
140.238
141.886
138.088
141.417
135.271
135.323
136.963
137.707
142.138
141.053
144.062
142.088
142.498
148.137
138.871
139.66
139.472
138.468
141.139
135.021
144.256
139.739
138.73
138.67
138.293
142.301
141.71
137.504
140.255
139.171
138.229
140.673
144.915
135.553
134.785
135.65
140.329
135.955
138.619
138.799
134.222
135.563
136.062
142.839
137.997
135.936
142.298
144.072
134.556
135.23
137.566
142.739
138.387
139.918
140.545
137.512
137.953
135.584
138.691
140.251
137.94
138.906
136.161
134.826
139.593
138.533
137.765
139.546
145.424
136.986
135.181
151.121
138.142
142.137
139.907
143.754
137.273
144.444
140.717
137.665
142.692
141.729
141.677
138.118
136.828
137.132
142.758
139.464
142.075
143.057
140.403
136.169
135.817
136.706
139.33
140.599
137.857
140.979
139.059
138.806
141.777
138.56
138.735
141.623
143.909
140.98
144.563
152.059
141.839
145.574
142.212
149.491
143.217
138.48
134.923
138.598
140.633
145.624
153.82
139.117
138.797
139.704
141.033
138.039
140.805
143.184
136.463
135.783
135.833
136.737
136.137
137.661
141.372
136.249
135.938
136.419
139.39
135.938
135.754
139.149
142.16
136.992
136.423
137.689
136.491
137.497
140.883
146.331
137.368
140.102
140.325
141.677
139.908
139.962
148.963
143.155
139.373
135.168
139.711
138.559
141.187
153.626
140.643
149.598
141.377
137.608
137.881
140.437
144.749
138.473
138.617
136.446
141.402
138.109
136.21
142.869
140.622
137.869
137.222
140.881
137.429
137.832
140.636
141.564
138.271
139.168
137.177
139.2
139.724
140.188
145.153
138.432
137.338
136.254
139.655
139.938
139.136
143.928
141.237
136.75
136.621
136.887
136.45
141.673
140.059
142.049
144.315
138.591
138.887
134.553
138.222
142.535
140.305
139.757
135.584
139.787
135.87
136.017
141.984
137.911
141.207
138.096
137.896
136.671
139.572
142.161
138.857
142.181
137.348
141.759
140.895
142.109
142.699
153.879
140.515
140.995
137.497
137.677
138.359
139.757
143.67
137.996
141.083
139.923
138.944
138.043
137.971
143.834
137.143
137.811
134.489
139.105
136.626
137.559
142.378
136.768
136.941
138.89
136.737
135.123
138.626
141.361
138.983
139.574
142.95
137.992
136.945
136.019
143.307
137.979
138.538
138.732
137.697
137.709
136.068
139.137
135.631
138.128
138.476
138.16
136.348
140.256
136.297
139.911
134.657
136.415
142.039
139.214
138.538
138.943
146.117
136.126
141.301
140.912
138.322
136.5
140.207
138.347
139.359
139.797
134.943
139.46
134.319
139.368
143.239
136.88
135.428
139.032
141.43
134.639
135.855
141.849
139.353
137.445
139.688
140.634
143.793
143.416
145.802
135.672
139.205
137.277
138.597
146.491
139.409
140.518
139.851
137.292
137.921
137.311
144.531
137.793
141.08
142.874
137.639
139.269
139.623
141.013
142.263
134.222
140.229
136.86
139.287
141.133
146.517
141.634
141.119
145.465
136.571
135.661
136.827
139.612
138.322
136.859
138.259
137.623
137.51
137.14
136.322
138.652
138.036
141.014
135.561
136.438
137.398
138.331
136.079
138.937
144.136
136.427
137.854
137.359
137.305
145.188
141.665
143.206
137.234
141.603
135.903
139.743
140.485
139.759
138.956
140.799
134.763
136.298
137.32
136.603
134.348
142.011
143.051
138.514
135.808
134.734
139.554
137.571
137.272
140.585
138.779
139.099
137.284
142.14
136.34
139.332
143.24
136.941
136.417
138.173
138.201
137.082
137.828
145.326
137.684
139.36
136.839
136.777
140.135
137.567
142.139
138.873
139.483
140.354
140.658
138.32
141.344
144.846
146.996
139.546
134.86
137.052
136.931
136.694
136.116
144.036
137.181
135.773
135.862
142.696
135.074
137.817
144.287
136.32
137.099
137.774
139.118
138.896
138.244
143.109
143.485
139.356
145.173
