41.767
39.178
38.663
36.959
36.73
36.853
37.086
37.433
39.793
38.623
38.16
37.196
37.775
37.023
37.643
37.562
37.762
37.406
35.468
34.053
34.126
34.902
35.751
34.308
33.314
34.735
42.805
34.872
35.319
34.995
34.332
34.862
35.162
33.889
34.539
33.469
33.403
34.84
34.64
33.887
34.002
33.751
35.164
33.904
39.881
36.617
37.462
37.666
36.223
35.608
34.615
33.864
33.541
33.494
36.727
33.869
33.158
33.691
33.588
33.078
32.536
33.769
32.728
34.924
36.264
34.764
33.807
34.265
33.469
33.592
33.542
34.478
33.377
34.572
35.113
35.293
33.424
32.76
33.766
35.269
32.77
34.459
34.462
35.353
34.404
33.131
33.164
34.462
33.054
33.002
33.657
33.288
34.016
32.94
33.316
33.28
33.937
33.441
34.05
35.054
34.907
34.56
34.932
34.173
36
33.535
33.297
33.066
33.676
34.238
33.842
33.893
33.491
36.432
33.854
33.52
33.987
36.318
34.037
33.304
34.396
33.932
33.391
33.586
33.263
33.152
33.541
39.008
33.11
34.362
33.849
33.986
33.875
37.229
36.883
33.696
34.01
33.842
34.541
33.283
33.922
33.554
37.149
33.74
32.991
32.993
33.388
32.98
33.141
32.852
33.024
34.701
34.591
34.991
33.59
34.019
33.14
33.433
34.429
33.845
33.12
33.481
33.457
35.282
35.547
33.877
33.378
35.362
33.965
35.196
33.717
37.867
34.328
33.196
33.008
33.668
33.317
34.147
33.313
32.999
33.116
33.17
32.971
33.665
32.804
32.968
34.313
35.004
34.604
34.008
34.001
33.998
35.393
36.738
35.962
33.814
33.351
32.858
34.015
32.669
34.172
36.88
34.829
35.002
35.601
34.325
34.878
34.663
33.837
33.95
33.732
32.74
33.312
33.253
32.968
33.739
33.174
33.865
34.195
33.124
32.998
34.649
35.275
34.582
34.538
34.07
34.28
33.42
33.017
33.31
36.885
33.29
33.288
33.408
33.212
32.654
33.422
33.185
33.123
33.924
34.651
33.996
34.766
34.252
33.658
33.491
34.277
35.326
33.139
32.457
32.776
34.728
33.735
33.655
34.859
35.797
34.401
34.988
34.931
36.831
34.613
33.446
32.875
32.667
33.681
34.521
34.549
32.561
33.788
33.218
33.552
33.465
32.425
32.71
33.508
34.334
34.789
33.787
34.631
33.868
35.847
33.487
33.512
34.759
35.902
35.74
35.079
32.687
36.954
34.453
33.468
33.886
34.768
34.648
33.175
34.098
36.077
33.292
33.137
33.532
33.109
35.145
33.821
33.101
34.04
34.156
34.565
33.66
33.041
34.84
34.888
33.729
36.641
34.912
34.979
35.323
34.062
33.611
37.091
34.845
33.511
33.035
34.748
33.501
33.544
34.339
33.359
35.4
34.493
34.313
33.96
34.171
36.507
37.479
35.121
33.486
35.195
35.738
33.981
33.587
33.676
33.869
33.692
34.526
37.244
33.334
32.977
37.264
33.821
33.077
33.117
33.079
33.078
34.138
34.364
33.236
33.247
32.586
33.283
32.91
32.99
33.295
33.077
34.811
34.448
32.94
33.896
33.265
35.656
32.785
33.32
34.979
37.768
34.571
34.036
35.167
35.709
33.94
33.236
33.7
33.548
34.326
35.051
34.446
34.587
34.301
32.614
34.063
33.817
33.507
34.447
33.495
33.043
34.207
32.888
33.377
32.957
34.043
33.465
33.459
32.868
37.45
35.144
34.088
34.934
36.898
35.479
34.309
33.876
33.775
34.218
34.467
34.358
34.262
32.972
33.139
33.632
33.026
34.105
33.431
33.765
33.16
33.785
33.601
35.489
35.204
35.774
33.889
34.158
33.953
34.386
34.234
34.271
35.057
40.071
36.661
33.58
33.897
32.907
34.89
35.888
34.19
33.818
33.375
33.305
33.541
33.098
33.393
33.112
33.623
33.575
34.04
33.458
33.533
33.863
33.965
34.356
34.239
33.182
34.889
34.49
34.045
34.043
37.99
37.378
34.023
34.025
33.288
34.097
33.051
32.985
32.609
32.412
33.254
33.696
33.555
34.427
35.029
33.438
32.665
34.519
34.175
33.189
33.194
36.022
32.684
33.372
32.967
34.679
35.911
34.317
33.508
37.016
35.379
37.573
34.38
33.627
33.32
34.168
33.876
33.043
35.979
34.629
33.8
33.053
33.945
33.166
32.847
33.878
33.123
32.848
33.908
34.124
34.571
33.685
33.163
33.7
34.788
34.116
34.094
34.159
37.669
34.858
35.44
34.601
33.678
34.763
35.054
35.468
35.297
33.822
33.789
37.123
34.603
33.289
33.979
33.196
32.837
34.345
33.688
34.031
33.513
35.434
34.36
34.625
34.786
35.268
34.475
35.033
36.153
34.166
36.714
35.999
40.26
34.137
34.489
35.165
34.152
33.521
35.106
34.419
33.327
33.968
36.327
33.563
33.3
33.481
33.88
33.365
34.327
34.953
33.378
32.733
33.392
35.479
33.628
34.264
34.085
37.337
33.454
34.443
34.562
33.919
34.689
34.029
33.929
33.242
32.956
33.478
33.353
33.229
32.44
33.346
33.275
33.695
33.687
34.078
33.017
34.977
34.512
34.038
36.22
35.41
33.587
34.406
33.782
33.486
37.124
34.762
32.732
34.158
32.958
34.634
33.047
33.418
34.555
34.385
33.528
32.943
36.623
35.424
37.922
37.108
37.261
35.246
33.77
33.767
33.903
35.974
33.726
35.498
35.586
34.377
34.212
33.567
33.457
37.772
34.982
34.223
33.562
33.373
34.412
35.758
34.716
34.292
34.925
33.116
33.649
33.673
34.651
33.931
33.623
33.411
34.989
34.401
35.305
33.803
34.498
32.97
36.041
33.741
36.724
33.381
33.913
33.08
38.241
33.954
34.188
33.621
33.488
32.732
38.74
33.448
33.72
33.658
34.33
32.925
32.866
34.97
35.446
33.854
34.288
34.038
34.71
34.407
34.284
35.194
34.296
33.651
34.246
35.975
36.075
34.119
33.631
35.569
35.015
32.678
32.927
33.57
32.82
32.819
37.606
36.116
35.388
34.318
33.441
33.142
34.175
34.777
33.059
34.562
33.276
34.747
34.832
33.99
33.82
32.664
33.4
33.601
33.457
34.339
34.887
33.709
35.93
34.074
33.895
34.206
33.458
32.974
33.028
34.663
34.341
33.539
33.638
34.261
33.961
32.908
34.889
35.26
34.112
34.525
34.198
33.373
34.248
35.212
34.585
33.792
33.862
35.437
33.246
34.468
34.323
37.029
35.359
37.875
34.463
33.91
33.757
35.782
33.439
32.426
36.392
33.849
33.237
33.261
35.041
34.186
35.09
33.57
38.389
35.912
34.296
34.478
34.413
34.247
33.82
34.352
33.922
35.673
34.628
33.794
35.387
36.08
33.881
33.183
33.47
33.483
36.114
33.721
38.684
36.204
34.976
32.984
32.866
32.923
32.841
32.649
33.412
33.746
33.525
32.786
35.584
35.076
34.057
34.136
34.138
38.249
35.026
33.7
33.227
36.707
33.944
33.682
34.939
33.396
34.874
32.695
34.001
34.741
34.116
35.231
34.777
37.178
36.319
34.838
33.068
34.013
34.611
34.163
32.318
34.044
35.91
34.924
33.711
32.804
34.071
33.64
33.016
33.118
36.286
36.365
34.899
35.258
33.823
33.919
33.142
34.855
33.408
34.21
32.885
34.378
34.081
33.975
32.95
33.83
32.988
33.654
33.588
33.509
35.377
34.468
34.957
33.052
34.372
32.995
33.229
34.437
33.195
34.418
36.593
33.662
34.324
34.269
34.601
33.279
33.044
35.195
35.093
33.792
34.052
34.299
35.095
33.29
33.414
33.43
33.657
34.277
33.379
33.628
33.053
35.857
33.44
34.557
33.485
34.515
33.545
33.787
33.374
36.563
34.107
33.123
35.874
35.348
33.412
33.657
33.637
33.628
34.443
34.318
33.933
32.817
35.139
35.405
35.929
34.615
36.022
33.464
33.895
33.686
34.074
34.073
33.092
33.464
33.358
33.632
32.528
33.475
38.93
34.975
34.271
34.358
34.846
35.685
32.91
33.052
34.515
33.005
33.11
32.713
33.013
33.585
34.78
33.737
32.788
33.996
33.527
32.848
43.073
34.479
35.868
33.141
33.328
33.199
33.187
33.061
32.888
34.385
37.356
33.047
33.948
32.915
34.497
34.426
35.147
35.53
34.953
33.241
33.074
33.524
32.839
34.448
36.337
34.095
33.734
34.28
34.374
33.025
34.196
35.034
33.55
33.923
34.236
33.778
34.009
34.324
34.12
36.904
33.456
34.3
33.945
34.514
34.098
35.064
35.297
35.864
35.612
34.814
33.582
33.72
33.533
33.625
36.919
34.928
34.813
34.011
36.151
36.45
36.105
34.432
33.879
35.005
34.321
34.866
33.704
34.493
36.721
