295.523
287.683
286.662
282.061
283.148
280.114
286.002
277.669
276.445
274.785
281.168
276.388
278.572
278.541
278.257
270.215
274.816
280.082
277.024
273.256
275.385
283.061
274.288
278.168
280.833
281.873
274.583
280.397
285.989
289.253
277.587
273.667
283.173
280.612
275.443
278.821
285.054
274.532
275.376
280.691
275.329
271.855
276.946
274.39
275.86
270.222
279.377
277.923
274.522
271.689
280.793
274.96
278.437
281.728
286.701
277.255
274.219
280.57
281.276
277.291
281.652
278.249
283.32
275.711
285.346
292.085
276.807
275.818
278.881
274.614
285.327
296.604
303.149
276.254
276.161
276.777
280.713
272.46
276.247
280.596
279.254
271.623
285.102
275.161
279.716
277.981
275.841
283.007
277.968
286.988
281.411
276.951
275.393
288.36
278.628
275.491
282.017
276.087
277.249
268.532
279.927
278.15
276.227
276.71
276.712
276.042
275.695
289.728
275.782
281.554
273.621
281.61
281.989
276.316
280.394
272.522
275.839
287.281
283.758
275.288
279.97
286.26
279.107
280.255
278.425
277.529
274.074
277.535
279.418
277.311
278.739
276.15
281.943
273.681
276.083
275.776
285.211
276.405
284.879
289.292
289.654
275.565
275.988
281.99
272.644
274.111
278.867
278.936
270.932
269.517
279.751
271.196
274.176
270.671
281.897
271.839
275.881
271.842
275.598
267.947
273.954
277.21
274.983
273.614
275.662
281.781
272.958
273.672
274.658
272.926
271.341
270.904
278.611
279.52
275.017
275.147
278.549
267.449
277.96
279.903
285.025
276.042
287.265
280.662
278.029
281.67
280.27
275.607
273.506
272.468
275.248
275.643
273.351
271.827
277.916
273.858
276.51
275.749
275.638
275.084
280.397
283.931
276.57
274.026
272.757
276.765
274.004
274.74
277.461
278.303
276.093
275.841
285.269
277.425
282.653
276.113
278.803
277.137
282.699
279.315
278.166
273.922
275.583
275.499
276.502
275.507
280.005
275.528
278.46
277.45
281.203
275.601
280.029
284.892
281.218
278.581
277.884
283.517
280.083
280.066
283.335
281.506
275.772
275.088
278.46
276.352
272.541
273.932
280.174
280.187
279.479
289.967
276
272.582
276.757
275.193
275.548
274.741
278.431
279.117
274.423
275.065
284.383
273.984
275.365
272.699
278.908
278.853
275.48
280.579
274.922
274.858
275.065
283.811
283.372
272.154
277.986
279.676
282.631
276.308
282.46
277.51
278.755
272.952
285.289
273.171
275.306
278.636
272.781
270.998
274.285
280.261
272.101
267.828
274.102
281.198
272.584
272.568
275.228
275.49
274.5
277.017
282.482
273.762
277.414
272.233
291.271
273.38
274.12
281.186
277.104
277.958
271.627
282.388
273.548
273.631
278.115
278.639
273.529
271.566
279.599
275.213
277.331
273.157
288.156
273.111
275.952
280.779
278.248
276.023
271.959
277.342
275.231
276.097
279.646
278.269
273.802
270.176
273.553
280.604
274.531
275.105
279.011
277.35
276.331
275.598
275.132
273.364
278.472
274.577
279.36
273.422
280.18
273.972
280.27
286.286
291.158
276.745
298.307
293.932
309.54
284.597
290.827
284.411
279.873
277.277
278.664
275.431
279.459
272.096
280.06
275.052
273.112
269.047
277.515
273.714
271.83
277.798
275.519
273.941
270.229
276.975
274.429
271.842
279.34
276.639
271.871
277.251
279.632
273.283
277.225
280.261
279.799
274.581
280.42
273.534
275.843
272.632
278.397
282.356
268.049
276.909
280.924
274.037
278.16
274.997
275.836
277.377
279.215
282.997
280.08
277.427
279.282
