6.441
5.778
6.141
6.86
16.17
6.014
6.948
17.125
6.163
5.907
12.889
17.038
18.544
16.805
5.878
6.079
5.832
8.125
6.113
6.057
5.814
6.787
6.848
10.528
13.859
18.709
18.043
17.505
15.063
5.654
5.769
6.299
6.663
6.543
6.615
6.414
6.231
6.189
6.218
7.363
6.047
6.402
7.34
7.574
7.221
6.504
6.045
6.897
6.938
7.315
6.463
6.049
5.666
6.557
7.666
5.961
6.169
6.463
6.539
7.637
5.519
6.831
6.436
5.754
7.513
5.741
8.256
6.737
6.468
7.144
6.227
6.077
6.513
5.808
6.072
5.776
5.645
5.661
17.477
18.292
18.123
17.847
17.4
18.017
5.795
5.697
5.78
5.74
7.869
7.406
6.414
7.5
7.359
14.533
17.865
19.356
19.048
18.984
17.701
17.868
11.03
8.079
5.884
6.063
6.008
6.655
6.311
6.571
5.702
17.746
18.766
18.429
18.26
17.827
18.217
11.224
5.306
8.62
5.782
6.235
7.987
5.834
6.587
7.055
5.804
5.695
6.828
5.746
6.803
7.837
5.964
5.88
6.044
6.568
5.955
5.904
6.881
6.058
6.105
5.966
7.29
6.824
8.496
5.89
6.073
7.797
11.305
6.701
5.856
5.727
10.971
5.782
7.049
12.28
14.787
6.537
7.323
5.961
8.714
12.487
10.924
6.477
16.312
17.876
17.581
17.704
8.97
6.273
6.006
6.279
6.632
5.918
9.769
6.454
6.52
7.457
9.05
6.954
5.892
8.672
6.579
6.888
8.528
7.48
8.823
9.842
7.373
6.419
6.253
7.417
10.5
19.073
18.202
18.027
17.799
6.627
6.032
5.799
5.677
7.132
5.861
6.179
6.006
16.435
18.188
5.86
6.046
6.786
6.747
5.926
7.711
6.552
5.724
9.137
5.975
8.481
6.202
5.713
7.175
8.033
13.525
15.978
12.586
5.708
6.169
5.83
5.827
5.755
6.588
7.098
6.596
5.82
5.769
6.75
5.879
5.784
8.088
5.724
5.641
8.262
7.462
5.723
8.982
5.878
8.272
6.76
6.792
8.061
8.036
6.277
7.463
6.052
7.722
7.042
6.764
7.45
6.275
6.108
7.758
7.025
6.745
6.909
7.498
8.104
6.034
12.612
17.393
6.69
8.696
10.188
8.679
6.814
6.639
7.289
8.706
18.766
17.838
17.904
18.05
5.796
5.58
5.914
5.918
5.764
5.92
8.624
5.894
7.826
7.172
6.344
6.627
7.634
10.399
6.862
6.834
8.864
6.131
6.907
7.042
10.064
18.082
18.151
6.187
5.803
6.769
6.232
9.158
17.442
6.676
7.987
8.118
8.635
6.448
6.791
9.027
5.68
7.437
5.863
8.643
6.421
6.444
6.172
5.766
6.725
6.878
7.736
5.844
5.648
5.883
5.808
6.46
6.477
6.812
8.795
6.305
7.996
6.498
6.758
6.742
8.243
7.028
6.515
6.074
6.513
5.76
7.398
7.725
6.36
5.834
8.725
6.273
9.002
13.722
5.949
6.039
6.009
5.743
6.05
5.902
5.807
5.867
5.777
5.872
5.792
6.106
5.745
5.755
5.765
5.841
6.014
6.15
6.114
5.995
5.978
6.003
5.767
5.994
5.768
5.833
5.89
5.817
5.739
5.773
5.952
5.764
5.857
5.779
5.747
6.501
6.496
5.803
6.283
6.666
7.773
5.955
5.868
6.486
8.377
8.046
6.072
6.595
7.381
5.836
5.801
5.841
6.219
5.867
6.469
6.427
7.572
7.18
6.252
6.422
5.858
5.942
6.965
6.741
7.55
6.226
9.045
7.316
9.032
6.988
8.257
6.234
7.638
6.355
7.933
6.01
6.471
6.515
5.878
5.931
6.576
5.696
7.407
6.871
7.143
7.929
5.86
5.999
7.125
7.316
6.871
7.559
7.246
5.976
6.428
5.763
5.91
5.927
6.136
6.234
5.799
5.717
6.031
6.587
6.521
6.179
5.903
5.927
5.887
5.757
6.05
5.918
7.857
7.151
6.431
10.268
14.254
6.834
6.837
8.426
11.275
7.898
5.928
7.111
7.14
6.448
5.926
6.618
6.796
8.995
6.035
8.096
5.725
6.359
15.467
18.214
6.052
5.769
5.82
6.143
5.73
6.796
5.859
5.772
6.884
5.988
7.146
7.233
5.916
6.256
9.105
6.898
6.265
5.772
7.088
6.77
7.665
5.696
8.456
5.809
6.953
5.788
5.704
5.394
5.621
5.678
5.604
6.628
6.225
6.397
6.381
6.619
6.098
6.409
5.799
6.209
6.144
5.501
5.904
5.792
5.768
5.17
5.581
5.009
4.928
5.307
5.093
5.272
5.196
5.02
5.073
5.057
5.544
5.429
7.57
7.995
7.73
5.766
6.582
6.22
6.032
6.05
6.179
6.815
6.138
6.864
5.772
6.064
7.406
7.315
5.869
7.052
7.298
6.058
7.257
6.165
6.157
6.046
7.658
6.019
6.782
7.469
6.36
5.735
5.753
5.783
5.765
5.736
7.417
5.8
6.147
6.584
7.932
5.92
6.478
6.657
5.951
5.654
6.136
7.219
5.789
6.216
5.688
5.847
5.882
5.882
5.886
5.895
5.98
5.845
6.437
5.755
5.918
5.864
5.886
5.676
5.748
6.651
5.763
5.967
5.736
5.814
5.753
5.783
5.924
5.938
5.97
6.581
7.505
6.166
6.829
6.509
5.751
5.963
5.789
6.52
6.465
6.278
6.949
6.209
6.182
5.981
6.074
6.029
6.193
6.796
6.788
6.512
6.276
6.493
6.466
6.161
6.117
6.476
6.14
6.096
6.828
6.173
6.027
6.225
6.032
6.018
7.261
6.051
6.186
6.643
6.533
12.769
5.765
6.132
5.771
5.74
5.712
5.753
6.496
7.97
5.775
6.165
6.063
6.322
5.864
6.428
6.225
6.094
7.802
6.24
5.944
6.139
6.465
6.434
5.963
6.028
6.171
6.94
6.535
7.013
6.398
6.86
6.143
5.904
5.702
5.807
6.274
6.405
6.069
6.089
6.065
6.208
6.057
6.122
6.15
7.994
6.419
6.223
6.597
6.284
6.325
6.255
6.258
5.781
6.286
5.894
5.804
5.784
5.801
5.833
6.035
5.776
5.733
5.773
5.766
5.773
5.769
5.853
5.833
5.722
5.795
6.538
5.762
5.904
5.796
5.908
6.136
5.842
5.899
6.565
5.914
5.803
6.317
6.116
6.682
7.534
7.064
6.157
5.973
6.003
5.969
5.729
5.983
5.783
7.139
5.744
6.002
6.528
8.562
17.853
18.593
17.493
18.562
18.562
7.208
6.015
6.102
6.121
6.05
6.041
6.098
6.163
7.13
6.046
5.833
7.567
6.505
8.056
6.411
5.919
6.195
6.21
5.807
5.811
5.789
5.83
5.828
5.809
8.777
5.87
6.211
6.695
5.8
5.739
6.58
5.818
5.856
5.768
6.043
6.612
6.519
6.494
7.114
6.223
6.066
6.113
6.164
5.995
6.931
6.079
6.045
6.49
5.994
6.104
7.288
6.089
5.96
6.051
5.877
5.842
5.801
5.781
6.224
5.828
5.847
5.854
6.034
7.896
8.883
6.823
6.131
6.778
6.092
6.254
6.161
6.022
6.064
6.154
5.854
6.583
6.136
6.383
6.596
5.977
6.841
6.831
6.554
6.987
6.499
7.114
7.647
7.193
5.801
6.45
6.27
6.6
17.505
13.409
6.335
6.067
6.067
6.642
5.785
5.737
8.515
5.989
6.024
6.29
6.122
6.148
6.203
6.296
7.151
6.993
7.316
6.753
6.147
6.778
6.284
6.057
5.823
6.685
5.811
5.867
5.831
6.003
6.094
6.865
6.102
6.329
6.188
6.154
5.978
6.068
6.207
6.038
5.986
6.067
7.56
7.576
6.077
6.12
6.342
6.317
5.886
5.862
5.757
7.606
6.869
9.838
9.689
6.223
5.752
5.949
6.188
6.499
6.361
6.925
6.803
6.544
6.115
6.084
6.105
6.017
6.062
6.137
6.113
6.084
6.389
6.497
6.411
6.512
5.988
5.994
5.9
6.063
6.088
6.066
5.851
6.093
6.016
6.132
6.052
6.14
6.029
6.125
6.137
6.113
6.163
6.127
6.149
6.069
6.176
6.485
6.135
5.997
6.11
6.182
6.33
6.186
6.149
6.045
5.988
6.15
6.011
5.88
6.065
6.791
6.302
6.384
6.066
6.146
6.099
6.735
6.492
6.391
6.23
6.117
6.532
6.729
6.83
6.154
6.01
6.074
6.816
6.004
5.827
5.819
5.766
5.803
5.775
5.819
6.069
6.879
6.766
5.87
6.431
5.812
5.867
6.075
6.155
6.129
6.068
6.203
5.984
5.864
6.063
6.642
6.017
6.207
6.131
6.112
6.062
5.976
6.124
6.055
6.617
6.609
6.644
6.136
6.224
6.628
6.202
6.329
6.036
6.208
6.01
6.437
6.407
6.792
6.306
6.039
6.055
5.986
6.109
5.904
6.058
6.142
6.085
6.696
6.065
6.113
6.28
6.194
6.05
6.195
6.085
6.102
6.087
6.197
6.008
6.222
5.823
5.919
6.005
8.05
7.01
6.169
6.559
6.129
6.077
6.005
6.041
6.292
6.162
6.522
6.522
5.613
5.775
5.795
6.163
5.849
5.854
5.812
6.04
6.058
5.828
6.012
5.862
5.823
5.88
5.827
5.851
6.576
5.949
5.868
6.039
5.884
6.465
6.15
6.066
6.522
5.776
5.796
5.802
5.803
5.79
6.081
6.084
5.888
5.769
5.881
5.841
5.795
7.098
6.611
5.807
5.879
5.82
5.801
6.199
6.596
5.87
6.151
5.647
6.518
6.068
6.043
5.686
5.336
5.892
5.819
5.905
6.021
6.614
7.576
6.014
8.295
6.614
6.161
5.778
6.744
5.689
6.012
5.997
5.768
6.656
5.903
6.856
7.512
5.758
5.832
6.73
6.533
6.919
6.767
5.781
7.688
