15.255
13.838
15.943
13.317
12.92
13.67
13.679
15.394
15.352
13.087
13.705
13.487
13.859
13.543
16.19
13.948
13.535
13.531
13.379
15.604
14.716
13.66
13.606
13.139
13.527
13.538
41.351
13.64
12.636
12.397
12.17
11.977
13.191
12.736
13.265
12.829
13.569
13.7
13.298
12.822
13.563
13.404
12.644
12.8
13.622
13.651
13.556
12.973
13.533
13.456
13.469
13.704
13.618
13.587
13.649
13.61
13.581
13.354
13.683
13.339
13.571
13.103
12.881
13.569
13.709
13.566
13.63
13.558
13.796
13.51
13.611
13.519
13.245
13.447
13.931
13.898
15.168
13.811
13.523
13.69
13.403
13.421
13.547
13.015
13.353
13.986
13.479
12.91
14.006
14.628
13.992
13.06
13.554
13.569
14.124
13.489
15.41
15.373
13.534
12.722
13.773
13.488
13.858
14.993
14.841
14.008
14.225
13.743
13.633
13.665
13.693
13.604
14.473
14.449
14.498
15.27
14.586
15.416
14.733
14.683
14.447
13.816
13.827
13.494
14.372
14.771
14.178
13.764
13.91
14.086
13.706
13.754
13.572
13.773
13.82
13.886
13.914
14.769
13.832
13.451
13.715
14.219
13.361
13.479
13.24
12.867
19.761
14.28
13.047
13.094
13.677
13.901
13.635
13.602
13.708
13.906
13.837
13.918
13.721
13.682
14.46
13.767
13.358
13.702
13.604
14.136
13.679
13.575
13.622
14.383
15.204
15.204
15.675
15.565
15.61
15.028
14.266
15.221
15.144
16.031
16.22
15.69
15.152
16.406
17.214
16.207
15.656
16.326
16.343
14.732
16.548
15.164
14.49
14.168
14.035
14.607
16.745
16.949
16.949
16.479
15.975
14.482
14.135
13.814
12.617
12.181
12.738
13.31
13.406
13.763
12.663
12.698
12.339
12.51
13.449
13.181
12.681
13.221
12.12
12.041
15.77
15.216
14.372
15.066
14.388
13.308
13.034
12.573
12.763
13.212
14.078
14.256
13.676
13.538
12.729
13.598
14.251
13.5
12.716
33.776
13.426
12.923
12.232
12.616
12.025
13.31
13.208
13.238
12.904
13.596
12.988
13.047
12.863
12.254
13.726
13.631
13.726
13.587
15.017
13.893
13.647
13.599
13.769
13.658
13.659
13.519
13.656
13.627
13.929
12.931
12.753
13.435
12.963
12.651
14.172
18.498
13.639
14.842
13.668
13.596
14.151
13.435
13.522
13.294
13.634
14.407
13.541
13.296
13.624
13.263
13.533
13.18
13.039
13.528
13.833
13.762
13.46
13.132
13.49
13.443
13.174
14.624
13.911
14.649
15.147
13.771
13.788
13.905
13.653
13.866
14.108
13.972
13.423
13.671
13.205
13.384
13.123
13.574
13.695
14.679
13.361
13.513
13.994
13.737
13.421
13.727
13.634
13.653
13.587
13.645
13.386
13.853
14.356
13.686
13.658
13.919
14.657
14.392
15.609
14.466
13.765
14.25
14.179
13.706
13.481
13.757
13.501
13.954
13.983
13.718
13.592
13.346
13.125
14.825
14.026
13.692
13.643
15.66
15.417
13.681
13.23
13.978
14.243
13.488
13.376
14.127
14.138
13.806
13.482
13.27
12.968
12.899
13.301
13.643
13.801
13.475
13.874
13.729
13.935
13.721
13.635
13.497
13.125
13.848
14.427
15.321
14.342
13.793
15.068
13.941
14.778
14.995
20.836
15.178
14.073
13.807
13.253
13.515
14.14
13.638
15.317
14.51
13.955
15.433
13.628
13.464
13.243
12.971
13.028
14.286
13.593
13.404
13.748
13.601
13.605
13.626
13.19
12.95
12.799
13.598
13.465
13.051
13.183
12.733
13.498
13.52
14.439
13.785
13.981
14.611
14.376
14.98
13.534
13.895
13.713
13.733
13.574
13.802
13.446
12.976
13.338
13.389
13.739
13.454
14.207
13.278
13.011
13.131
13.682
13.299
13.624
13.752
13.592
13.445
13.582
13.44
13.647
13.191
13.2
13.503
13.156
13.619
13.045
13.003
13.016
14.586
14.673
18.35
14.029
13.615
13.604
13.544
13.751
13.732
13.89
13.476
13.686
13.652
13.714
13.611
13.643
14.129
13.358
13.539
13.425
13.619
13.683
14.081
13.749
13.543
13.515
13.472
13.603
14.662
13.401
13.81
13.693
13.638
14.501
13.782
13.676
13.744
14.565
13.766
13.696
13.62
13.646
13.583
13.582
13.618
13.998
13.629
13.326
13.722
13.757
13.573
13.579
15.196
13.839
13.815
13.661
14.03
14.755
14.97
13.577
13.502
13.572
13.913
13.613
13.926
13.502
13.506
13.663
13.501
13.749
13.675
13.588
13.449
13.56
13.65
13.837
13.61
13.698
13.642
13.622
13.375
13.596
13.477
13.617
13.568
13.286
13.291
13.664
13.33
13.78
13.526
13.695
13.524
13.604
13.528
13.617
13.264
13.554
13.621
13.542
13.538
13.597
13.312
13.362
13.999
12.354
17.714
15.04
13.957
13.5
13.544
13.659
13.573
13.489
13.656
13.643
13.577
13.586
13.534
13.49
13.551
13.304
13.382
13.708
13.516
13.697
13.463
13.61
13.42
12.877
13.5
13.416
13.602
13.083
13.545
14.158
14.032
13.747
13.534
13.856
13.43
13.624
13.619
13.547
13.498
13.756
13.766
13.682
13.503
13.631
13.537
13.958
14.756
13.923
15.977
14.86
16.02
13.95
13.127
13.827
13.516
13.607
13.551
14.041
13.678
13.493
13.785
13.493
13.27
14.424
13.56
13.258
12.921
13.368
13.112
13.556
13.466
13.031
14.411
13.601
13.543
13.474
13.434
13.024
12.851
12.473
11.943
13.063
13.83
13.563
13.723
13.434
13.866
13.499
13.539
13.129
12.605
13.65
13.321
13.289
12.778
12.457
13.44
13.558
13.474
13.68
13.486
13.73
13.404
14.659
15.799
15.417
14.358
13.986
13.394
13.3
13.246
13.355
14.404
15.439
14.087
13.736
13.393
13.111
13.592
13.428
13.689
13.473
13.637
13.622
13.725
13.576
13.547
13.774
13.787
13.499
13.494
13.254
13.561
13.545
14.111
13.636
13.245
13.029
13.588
13.69
14.199
13.956
13.598
13.229
13.541
13.276
13.667
13.591
13.533
13.621
13.56
13.464
13.44
13.433
40.952
42.993
44.546
41.503
43.05
32.543
25.785
13.379
13.202
13.441
13.821
13.365
13.25
12.92
12.292
12
13.089
13.457
14.42
15.263
14.255
14.679
12.991
13.241
13.635
13.395
13.323
13.312
26.87
13.464
14
13.544
13.362
13.944
14.845
15.747
13.517
13.677
14.342
13.528
13.604
13.664
13.601
13.827
14.149
14.702
14.085
13.598
13.728
13.762
13.527
13.088
14.742
13.583
13.638
13.737
14.231
13.749
13.632
14.513
13.62
14.775
13.628
13.554
13.535
13.728
13.935
13.679
14.364
14.378
14.278
13.588
14.119
13.59
14.213
14.321
13.778
13.692
13.604
13.607
13.526
13.588
13.556
13.54
13.953
13.503
13.626
14.035
13.482
14.258
13.96
14.2
13.955
13.539
13.523
13.551
13.641
13.795
13.818
13.562
13.296
14.149
13.743
13.735
13.665
13.661
13.783
14.715
13.958
13.676
13.776
13.767
13.601
14.422
13.652
14.249
13.559
13.955
14.746
14.497
14.888
14.333
28.88
19.292
15.073
25.034
59.481
27.863
17.649
18.943
20.38
28.493
21.573
17.036
16.064
16.026
14.637
15.362
14.429
14.028
14.942
14.318
14.281
14.418
22.925
14.425
13.731
14.725
13.685
13.734
14.086
13.801
13.651
13.579
13.496
13.21
13.772
13.53
21.005
14.049
13.525
14.411
13.637
13.387
13.309
14.606
12.941
12.811
13.027
12.834
13.304
12.705
12.829
12.742
12.867
12.958
13.69
12.943
14.039
13.036
12.352
15.11
12.783
12.84
13.045
13.18
14.513
13.399
13.106
14.189
13.809
13.252
13.451
13.112
14.355
13.459
13.659
14.217
12.795
13.703
13.53
13.006
13.571
13.504
13.409
12.784
13.55
13.861
15.553
13.649
13.394
13.706
13.813
13.765
15.43
14.36
14.533
13.974
13.591
13.576
13.746
14.334
13.621
13.582
13.741
13.658
13.835
13.184
13.739
13.67
13.615
13.898
13.601
14.191
13.578
13.596
12.751
13.65
13.827
13.668
13.61
13.689
14.167
13.537
12.925
12.283
13.49
13.113
12.635
13.233
12.069
12.733
12.977
12.582
12.67
12.111
12.62
12.524
13.13
12.046
12.116
12.316
12.052
12.166
12.318
12.533
11.596
11.845
11.921
11.874
13.019
12.251
12.079
12.686
12.337
11.812
12.313
13.444
12.807
12.902
12.623
13.637
12.301
15.371
13.654
14.108
13.767
13.639
13.603
13.436
12.187
12.833
13.581
14.202
13.988
14.552
13.584
13.174
14.286
13.613
13.59
14.021
13.563
13.694
13.551
13.524
13.581
13.675
13.726
13.62
14.049
13.611
13.516
13.749
13.55
13.655
13.665
13.651
12.978
13.614
14.065
13.368
13.579
13.655
13.654
13.739
13.975
13.774
14.223
13.579
13.636
13.558
13.525
13.383
13.658
13.677
13.604
13.602
13.521
13.682
14.194
13.545
13.705
17.034
13.332
13.507
13.495
12.865
13.692
13.764
13.57
12.858
12.861
12.85
13.712
13.594
13.519
13.595
13.627
13.909
13.567
13.628
13.592
14.063
13.455
13.939
14.031
13.611
12.99
13.929
12.913
13.856
13.65
13.715
13.597
13.503
13.936
13.921
13.625
13.075
13.623
13.58
13.389
13.01
13.057
14.526
13.36
12.748
12.21
12.19
13.432
14
14.237
13.599
15.688
14.968
13.066
12.4
13.475
13.623
13.845
13.596
13.562
13.438
13.597
13.599
13.741
13.856
13.93
14.044
13.728
13.514
13.866
13.698
13.866
13.782
13.883
13.709
13.633
13.579
13.632
14.515
13.756
13.817
13.525
13.646
13.714
13.685
13.439
13.665
13.242
13.847
14.182
14.1
14.036
14.594
14.961
14.199
13.657
13.674
14.16
13.622
14.048
14.053
13.665
13.85
13.584
13.697
13.717
13.672
13.638
13.641
12.848
12.463
12.73
13.502
13.583
13.744
13.993
13.544
13.751
13.856
13.643
14.413
13.634
13.893
13.635
13.839
14.327
13.976
13.638
13.631
13.633
13.63
13.54
13.477
13.726
