2.248
2.321
2.226
3.501
2.426
2.357
2.233
2.554
2.613
2.272
2.473
2.336
2.258
2.282
2.258
2.197
2.205
2.275
2.526
2.607
2.354
3.103
6.72
2.649
2.246
3.119
2.717
3.117
2.285
2.347
3.677
2.209
3.005
4.153
2.337
2.62
2.665
2.303
3.753
2.605
2.437
2.339
2.378
2.663
2.779
2.221
2.92
2.61
3.52
3.038
2.341
4.494
6.109
6.343
2.787
2.296
2.641
2.651
3.62
2.292
2.302
2.778
2.378
2.259
2.294
3.038
2.382
3.046
2.642
2.441
2.334
2.33
2.318
2.621
2.35
2.648
2.58
3.152
2.636
2.341
5.908
6.501
2.343
2.671
2.335
2.297
2.334
3.42
2.525
2.525
2.27
2.58
2.645
2.306
2.62
2.376
2.907
2.527
3.452
2.912
2.551
2.328
2.322
2.198
2.284
2.494
2.223
2.238
2.922
2.437
2.939
2.255
2.562
2.946
3.484
2.204
2.533
2.604
2.329
2.739
3.648
2.252
2.256
2.218
2.545
6.592
6.55
2.334
2.37
2.331
2.617
2.229
2.843
3.797
2.908
3.061
2.344
3.055
2.336
2.353
2.317
2.856
2.741
2.96
2.297
2.65
2.26
2.248
2.369
6.62
6.659
6.193
2.629
2.336
3.007
2.654
2.309
2.64
2.314
2.753
2.643
2.344
2.791
3.43
2.65
2.218
3.851
2.19
2.28
2.664
2.581
2.23
2.244
2.22
2.237
2.38
2.442
2.63
2.538
2.644
2.299
2.435
2.565
2.693
3.03
2.98
2.498
3.453
2.625
2.671
2.53
2.371
3.484
3.433
3.437
2.665
2.571
3.128
2.313
2.308
4.538
2.3
2.643
2.31
6.609
2.527
2.819
2.624
2.232
2.515
2.523
2.917
3.05
2.298
2.325
2.637
2.339
2.657
3.108
2.268
2.385
2.488
2.649
3.322
2.645
2.653
2.326
2.197
2.213
2.24
2.568
2.545
2.455
2.911
2.328
2.819
2.304
2.635
2.605
3.564
2.378
2.293
2.267
6.691
6.762
6.824
6.801
5.635
3.047
2.336
2.519
2.198
2.636
2.566
3.404
2.675
2.357
2.334
2.415
2.489
2.801
2.321
2.955
2.31
2.308
2.62
2.299
2.901
2.666
2.632
2.647
2.303
2.49
2.56
2.342
3.385
4.038
2.693
2.363
2.658
2.656
3.215
2.298
2.258
2.668
2.281
2.628
2.654
3.386
2.428
2.276
3.042
2.281
3.51
4.521
4.515
2.937
2.654
2.2
2.659
2.317
2.419
2.292
2.294
2.188
2.352
2.68
2.313
2.639
2.62
2.319
2.293
2.719
3.7
2.296
2.993
2.259
2.211
2.545
2.29
2.267
2.191
2.302
3.792
3.588
3.042
2.921
2.272
2.322
2.369
2.78
2.365
2.21
2.334
3.078
2.296
2.586
2.331
2.616
3.701
4.414
2.338
2.541
2.273
2.321
3.772
5.375
6.658
6.576
6.722
2.389
2.341
2.302
2.204
2.252
2.859
2.969
2.331
2.216
2.911
2.466
3.246
2.183
2.905
6.663
6.66
2.904
3.021
2.264
4.568
2.319
2.333
2.628
2.277
2.325
2.297
2.25
2.909
2.637
2.336
2.464
2.52
2.262
3.627
5.325
2.372
2.541
2.566
2.524
3.072
3.094
2.497
2.612
2.787
3.05
2.314
2.38
2.607
3.824
2.524
2.321
2.356
2.283
2.294
2.515
2.309
2.296
2.74
3.705
2.656
2.903
2.99
2.292
2.51
2.518
3.062
2.293
2.643
2.345
2.343
2.478
2.574
2.412
3.053
2.993
2.281
2.472
2.537
2.274
2.66
3.065
4.12
3.609
2.238
2.195
2.233
2.228
2.231
2.278
2.288
2.212
2.531
2.549
2.388
2.523
2.401
2.293
2.531
2.332
2.256
2.216
2.227
2.223
2.317
2.197
2.437
2.257
2.141
2.218
2.344
2.339
2.309
2.294
2.233
2.199
2.223
2.274
2.193
2.305
2.507
2.292
2.659
2.545
2.541
3.406
2.234
2.916
2.291
2.348
2.283
2.564
2.419
2.328
2.354
2.377
2.36
2.796
2.606
3.067
2.286
2.445
2.647
3.672
2.774
3.004
2.19
2.917
3.968
6.567
6.665
6.53
6.8
4.274
2.237
2.814
2.126
2.217
2.144
2.328
2.171
2.514
2.337
2.647
2.602
2.284
2.469
2.303
4.083
2.291
3.64
2.292
2.537
2.434
2.272
2.525
2.404
2.355
2.532
2.22
2.247
2.512
2.42
2.349
2.488
2.221
2.901
2.261
2.212
2.356
2.51
2.399
3.074
2.633
2.665
3.077
2.493
3.038
2.362
3.074
2.326
3.057
4.207
2.214
2.66
2.654
2.294
2.33
2.379
3.098
2.421
2.778
2.307
2.855
2.232
2.49
2.434
2.513
3.235
2.198
2.221
2.518
2.317
2.403
2.231
2.37
2.505
2.24
2.216
2.909
2.611
2.888
2.331
2.244
2.681
3.06
2.515
2.28
6.604
2.172
2.671
2.297
2.265
2.437
2.952
2.304
2.493
2.262
2.323
2.297
2.687
3.042
2.634
2.324
2.324
2.211
2.319
2.227
2.26
2.221
4.174
2.338
2.27
2.311
2.195
2.358
2.618
2.225
2.209
2.218
2.215
2.218
2.252
2.237
2.839
2.362
2.258
2.526
3.029
2.518
2.315
2.21
2.213
2.258
2.223
6.64
2.593
2.368
2.31
2.606
2.22
2.507
2.335
2.586
2.195
2.186
2.376
2.316
2.218
2.218
6.777
7.787
6.925
7.073
2.346
3.224
2.316
2.185
2.235
2.322
2.362
2.337
2.239
2.494
3.392
3.514
3.389
4.926
6.613
7.511
2.705
2.769
2.311
2.329
2.501
2.647
3.041
4.496
3.397
3.002
2.86
2.324
2.343
2.642
2.366
2.574
3.025
3.037
2.331
5.261
6.781
2.491
2.18
2.21
2.253
2.33
2.284
2.327
2.275
2.714
3.422
2.405
2.312
2.276
3.641
5.426
2.851
3.78
2.274
2.877
3.757
2.512
2.523
3.43
2.626
3.844
2.279
2.518
2.51
3.328
2.618
2.315
2.269
2.524
2.299
2.641
2.278
2.467
4.553
3.528
2.631
2.327
3.158
2.745
3.635
2.463
2.271
2.731
2.316
2.296
3.197
3.657
2.406
2.943
2.671
2.34
2.45
2.328
2.297
2.742
3.069
3.133
2.94
2.301
2.392
3.504
2.622
4.114
6.575
2.108
2.244
2.266
3.427
2.628
2.867
2.298
2.626
2.308
2.646
2.201
2.512
2.657
2.343
2.625
2.468
2.344
2.295
2.687
3.398
4.032
5.472
2.339
2.374
6.683
2.373
3.031
2.242
2.896
2.188
2.193
2.333
2.475
3.079
3.02
2.268
2.867
3.386
5.32
2.315
2.954
4.479
5.915
5.974
2.209
2.809
3.672
4.526
6.02
2.286
2.242
2.356
2.875
2.522
2.213
2.915
2.317
4.25
6.578
2.196
2.625
2.429
2.699
2.497
2.78
2.343
2.205
2.987
2.235
3.29
2.365
2.579
2.641
2.21
2.924
2.302
2.21
2.79
2.476
3.147
2.251
2.207
2.496
2.91
2.624
2.311
2.307
2.299
2.341
2.505
2.496
2.936
2.26
2.402
2.313
2.58
5.879
6.579
7.179
2.42
3.316
2.448
2.639
2.628
3.087
3.707
2.926
2.291
2.578
2.328
3.049
2.183
2.955
2.233
2.245
2.247
2.316
2.899
2.304
2.539
2.6
2.314
2.512
2.626
2.306
2.325
2.917
2.338
2.249
2.208
2.417
2.977
3.41
3.517
3.514
2.249
2.24
2.309
2.348
3.065
4.263
3.051
2.322
2.345
2.316
2.313
2.223
2.25
2.612
3.415
2.193
2.493
2.279
2.185
3.551
5.097
2.396
2.313
2.49
2.213
2.238
2.21
2.529
3.565
2.258
2.238
1.982
1.957
2.242
2.896
2.312
2.298
2.671
2.276
2.954
2.887
2.52
2.656
2.241
2.228
2.426
3.03
2.677
3.682
2.244
2.369
2.604
2.373
2.309
2.284
3.706
6.084
2.303
2.299
3.411
2.3
3.134
2.313
3.06
2.336
2.253
2.204
2.195
2.199
2.528
2.531
3.066
2.22
2.658
2.299
2.215
2.234
2.521
3.119
4.543
6.628
2.313
2.274
2.447
2.69
3.61
2.226
2.533
2.297
2.559
2.411
2.798
4.596
6.453
2.307
2.314
2.38
2.193
2.705
3.307
2.539
2.235
2.685
2.337
3.071
2.294
2.97
2.322
2.363
2.323
2.335
2.214
2.898
3.391
2.328
2.303
2.385
4.18
6.247
6.637
4.356
2.209
2.354
2.315
2.321
2.515
3.606
2.638
2.49
2.638
2.53
2.897
2.504
3.078
2.298
2.458
2.311
2.281
2.547
2.507
4.694
2.748
2.319
2.711
2.233
2.517
2.233
2.533
2.236
2.268
2.337
2.267
2.645
2.622
2.265
2.649
6.678
6.591
2.638
3.567
2.515
2.275
2.545
2.428
3.054
4.13
2.646
2.614
2.179
2.307
2.209
2.32
2.314
2.28
3.054
2.496
2.473
2.63
2.318
3.082
2.311
2.269
2.604
2.692
6.705
2.302
2.632
2.774
2.219
2.466
2.309
2.347
2.326
2.29
2.23
2.384
2.93
2.307
2.237
2.198
2.877
3.476
3.255
2.237
2.497
2.258
2.228
3.061
2.297
2.484
2.443
2.289
2.224
2.178
2.904
2.227
3.435
5.039
2.34
2.421
2.395
4.525
7.124
6.713
6.547
6.743
2.441
2.61
3.682
3.03
4.239
6.599
6.79
2.661
2.685
6.507
6.671
6.93
6.911
6.53
3.101
2.59
2.523
3.376
4.513
2.982
3.222
2.322
2.579
2.65
2.314
2.876
2.961
2.229
2.629
2.346
3.193
