42.225
29.495
29.362
30.346
29.496
29.447
28.65
27.112
26.756
26.005
26.287
25.447
25.072
25.452
25.737
26.441
27.356
27.135
26.151
25.984
25.787
27.6
26.021
27.86
26.819
26.804
27.293
26.674
26.232
26.239
26.422
25.168
25.37
25.948
25.266
25.501
25.645
26.317
26.306
26.449
27.624
27.568
26.924
29.22
25.709
25.594
25.879
26.259
26.089
26.281
27.18
26.927
25.743
26.475
26.669
26.357
25.995
25.794
25.831
28.083
26.021
27.188
27.601
26.758
26.392
26.679
26.815
26.331
26.127
26.537
26.939
26.362
26.994
25.115
25.834
25.36
25.391
24.587
27.62
26.264
25.489
25.308
25.514
25.437
26.282
26.462
25.88
25.659
25.155
27.376
26.789
26.935
25.355
25.516
25.775
26.814
26.975
26.401
25.953
25.573
25.642
29.514
29.042
26.25
25.672
25.878
26.516
26.365
24.989
25.092
24.783
26.326
25.354
27.496
26.818
27.778
28.661
27.335
26.396
25.641
25.594
25.403
25.1
25.206
27.691
26.951
27.281
29.345
26.54
26.457
27.003
25.745
26.332
26.044
25.944
26.847
25.883
25.69
25.151
25.297
27.914
26.294
25.837
26.926
27.982
26.709
25.399
25.52
25.485
25.86
25.31
25.935
26.643
26.023
27.481
26.897
25.506
25.423
25.182
25.146
25.558
25.295
25.062
24.839
26.009
24.725
26.275
24.808
25.244
25.047
25.658
25.456
25.251
25.268
28.432
26.676
27.293
26.37
26.3
25.895
28.826
25.996
26.05
26.264
25.839
25.459
25.645
24.736
24.994
25.45
25.589
24.229
24.886
27.048
26.405
25.683
24.966
26.298
26.178
27.237
27.352
26.187
27.701
26.889
25.665
25.591
24.64
25.612
25.323
25.81
24.792
24.817
25.315
26.84
26.093
25.264
26.302
25.709
26.744
27.473
27.4
25.778
27.573
28.146
26.081
25.992
25.749
25.34
25.617
25.675
25.386
29.448
27.428
25.45
25.498
25.305
25.217
25.298
25.226
24.947
27.828
26.484
25.939
25.016
25.317
25.425
26.208
27.218
25.508
24.798
26.753
26.508
24.928
25.458
26.861
29.104
25.899
25.408
26.141
26.757
25.043
24.825
26.997
25.802
24.606
24.937
24.931
24.936
25.711
26.018
27.531
26.544
25.528
25.995
25.38
24.611
24.883
24.887
24.805
26.048
24.655
24.813
25.492
25.39
25.888
25.122
25.472
25.675
24.849
24.734
25.753
24.816
27.188
26.094
27.569
24.957
25.339
25.321
26.714
25.92
25.53
25.742
29.048
26.64
26.051
26.417
25.569
24.891
25.947
26.628
25.475
24.837
24.897
24.83
25.551
27.07
26.145
25.626
25.222
24.875
24.524
24.787
24.837
24.781
24.893
24.603
25.634
24.921
26.413
25.874
25.168
25.265
25.258
26.674
25.923
25.583
25.33
25.059
27.785
29.86
27.829
26.658
26.721
25.99
26.25
25.082
25.747
27.046
25.689
26.533
25.168
25.405
24.981
24.846
25.484
25.343
25.128
24.772
25.188
24.956
25.602
25.394
26.145
26.11
24.991
25.055
25.109
27.835
25.708
25.233
24.741
25.811
26.016
25.864
25.483
25.619
25.25
24.87
26.564
25.221
25.737
24.949
27.031
25.378
27.055
27.723
27.178
25.615
25.088
25.895
25.263
24.878
24.624
25.721
24.549
24.698
24.642
24.94
24.546
25.23
24.544
25.673
28.176
26.044
25.234
29.623
25.039
24.734
25.003
26.156
26.156
28.161
25.879
25.001
25.465
25.229
26.842
27.548
26.719
25.792
25.625
26.381
25.182
25.646
32.054
26.43
25.144
25.83
25.229
25.395
26.268
25.954
24.957
24.698
24.394
24.91
24.721
25.152
25.436
25.208
25.579
25.215
24.989
25.7
25.914
24.949
24.712
26.616
26.717
25.716
25.773
25.609
26.319
25.651
24.853
24.791
26.202
25.89
26.516
25.625
26.052
24.577
28.144
26.937
26.74
24.622
25.457
24.586
25.172
25.011
25.991
26.149
26.374
25.498
25.415
25.76
26.274
26.095
25.512
24.866
25.382
25.226
25.982
25.074
26.027
25.044
25.84
25.975
25.948
25.672
25.494
26.191
25.414
25.349
26.127
25.588
26.846
27.4
26.402
25.752
25.42
31.433
27.04
25.435
25.117
25.083
25.083
25.471
24.985
24.914
25.744
25.135
25.678
24.821
25.452
25.204
25.531
26.879
25.978
25.013
26.243
25.206
25.553
25.079
25.639
25.946
26.371
26.073
25.572
25.525
25.114
24.914
25.02
25.397
24.998
25.309
27.399
26.176
25.698
29.232
28.228
26.136
25.777
25.936
24.911
25.466
25.699
25.438
24.948
24.845
25.293
25.861
24.865
25.626
25.074
25.125
25.267
25.498
25.422
27.069
26.569
25.583
25.587
26.112
25.961
25.409
25.979
27.312
26.4
25.952
25.379
25.195
25.068
25.075
25.371
25.908
29.827
27.073
27.447
26.003
25.581
25.042
25.227
25.056
25.338
25.384
26.822
26.163
25.531
25.278
25.601
25.368
25.408
25.255
25.505
24.628
25.088
25.321
27.106
25.347
25.759
26.766
27.748
28.038
28.527
30.75
26.489
25.564
25.293
25.673
25.332
25.048
24.466
25.04
25.104
28.224
27.248
29.017
26.132
25.269
25.175
25.002
25.143
26.159
25.131
26.521
27.953
27.195
24.622
25.404
25.427
25.151
26.253
25.72
25.976
24.749
26.688
25.507
26.153
25.878
26.686
25.417
25.474
25.452
25.265
25.256
24.926
25.123
24.613
25.905
25.134
25.304
25.267
25.23
26.438
29.208
27.632
26.622
25.495
25.338
24.81
26.567
25.461
25.112
25.401
24.481
25.491
25.197
26.038
26.687
26.084
25.699
25.4
25.58
24.857
25.799
25.529
25.2
26.835
33.595
35.902
27.081
25.615
29.191
25.627
25.342
24.743
25.02
24.907
25.783
25.04
25.457
26.179
29.758
27.45
25.696
26.888
25.966
25.374
25.281
25.511
24.949
27.373
25.74
25.689
24.902
25.275
25.232
25.252
25.485
24.937
24.833
26.356
25.907
25.193
25.036
25.061
24.995
26.108
24.924
25.899
24.677
25.353
24.613
24.996
26.076
25.439
24.757
25.65
25.578
24.808
24.858
30.535
27.028
26.927
34.193
25.741
24.407
24.832
25.112
25.442
26.46
24.646
24.893
25.035
24.601
24.929
24.716
25.744
25.932
25.13
25.456
26.468
26.329
25.152
25.9
25.324
25.53
25.743
25.087
26.796
26.109
25.367
25.166
26.355
24.966
24.838
24.779
24.98
24.677
24.714
30.03
27.479
25.829
26.078
26.256
26.011
26.161
25.743
25.019
24.988
24.548
24.766
24.735
24.73
24.939
25.035
24.807
25.842
24.854
25.242
25.624
25.433
25.264
25.222
27.681
26.958
25.695
25.978
25.291
26.196
26.478
28.198
28.821
28.799
25.268
26.214
28.801
27.653
27.943
27.542
27.614
25.828
27.75
25.705
26.514
25.553
27.025
26.015
25.691
25.978
25.706
26.7
26.314
26.867
26.301
25.998
25.859
28.038
25.835
25.412
26.21
26.472
25.962
26.018
28.527
30.028
28.204
26.222
25.314
25.716
25.314
25.361
25.355
25.743
25.741
25.194
28.731
25.603
25.529
25.813
25.928
27.346
25.908
26.931
26.307
26.677
25.868
26.105
25.164
25.544
25.591
25.725
26.182
25.487
26.408
26.305
25.166
25.465
25.367
25.939
26.014
25.869
25.649
25.733
25.206
25.25
25.225
25.826
26.551
26.801
25.484
25.366
25.281
25.049
26.795
26.691
25.689
25.811
26.586
26.224
26.322
26.16
26.5
25.489
24.825
24.976
24.887
25.417
24.883
24.795
28.158
30.093
26.891
25.583
27.005
25.5
25.199
25.16
25.403
27.999
30.465
29.97
26.623
25.383
26.839
25.716
26.007
25.726
25.458
25.194
25.389
24.697
29.263
29.302
26.379
25.912
26.416
25.839
25.878
26.884
26.799
27.118
25.711
25.152
25.15
25.552
25.246
25.245
25.577
25.787
25.454
25.528
26.369
25.367
27.159
26.305
27.732
27.19
25.471
25.705
25.558
26.583
25.153
25.515
25.368
25.252
25.103
25.345
25.321
25.358
26.93
26.986
26.598
25.533
25.242
26.529
25.246
25.509
25.734
27.919
27.118
26.658
25.743
25.715
26.031
25.695
25.316
25.684
25.13
25.221
24.933
26.817
25.003
25.479
25.319
25.865
26.227
25.673
25.711
25.776
25.362
26.874
25.797
25.409
25.848
24.858
25.142
25.014
25.59
29.435
27.447
30.069
26.417
26.921
27.213
26.032
