19.685
14.489
15.977
13.444
13.332
13.257
13.878
13.417
12.627
12.422
12.435
15.062
13.821
12.545
12.392
12.003
12.991
12.857
12.33
13.436
13.5
34.109
13.931
15.655
12.526
13.68
13.776
14.091
13.495
12.904
12.637
13.508
13.374
13.662
13.433
13.385
13.378
13.327
41.438
41.634
36.704
12.179
12.124
11.649
11.785
11.959
11.681
13.392
13.405
16.648
16.779
13.786
13.119
12.557
20.541
20.402
13.94
12.768
12.755
12.836
13.908
16.011
16.555
17.137
14.665
13.301
14.625
14.339
20.19
14.905
13.477
13.381
13.022
12.535
13.883
14.378
14.086
14.063
13.626
12.575
12.145
14.956
13.832
13.26
12.843
12.834
13.282
12.828
13.418
13.119
12.87
13.407
13.46
13.419
13.411
12.709
16.828
13.12
15.912
13.516
13.002
14.335
15.214
17.76
13.416
12.461
12.589
14.141
13.399
13.343
14.186
16.891
16.03
15.713
13.616
13.465
13.275
13.419
13.403
13.462
15.02
14.66
26.321
13.233
13.549
13.45
30.735
13.472
13.319
13.116
12.135
12.304
13.271
13.065
12.476
16.126
17.269
15.254
15.241
13.674
13.369
14.122
13.331
13.022
13.375
13.182
14.43
17.069
12.334
18.866
15.404
15.212
13.17
13.498
13.435
13.056
12.772
13.569
13.392
13.41
12.899
13.418
13.341
14.287
12.861
17.084
17.583
14.664
16.885
13.823
12.832
14.089
12.799
14.59
16.028
14.125
15.206
12.656
15.245
15.312
13.54
13.456
13.477
13.418
13.03
13.48
13.207
16.092
13.514
14.646
13.321
12.835
13.492
13.245
17.247
22.515
17.71
17.737
12.809
12.901
12.923
12.864
13.507
13.785
13.463
13.396
13.429
13.28
17.541
13.934
11.883
12.342
12.166
12.101
13.339
12.883
15.231
16.092
13.459
14.537
12.583
14.382
13.43
13.813
13.621
13.412
13.32
12.823
13.564
13.482
27.91
13.489
13.456
13.38
12.415
13.561
13.184
17.431
15.011
13.649
15.959
15.643
13.14
12.909
12.932
13.407
13.398
13.092
13.216
15.682
16.98
15.533
14.592
12.526
14.722
13.398
13.294
13.253
13.13
12.907
15.622
14.766
13.798
14.03
17.672
18.46
14.155
16.471
14.113
12.807
12.742
13.798
16.263
33.084
12.85
12.771
11.974
11.723
15.205
13.524
12.798
15.051
13.288
13.147
15.687
13.3
14.021
13.517
14.433
18.845
15.82
18.526
13.943
14.346
14.555
13.203
12.82
14.306
18.794
13.076
12.862
13.71
13.461
15.16
13.105
14.312
13.218
14.939
13.484
13.375
14.09
12.564
12.887
12.509
13.567
13.446
13.377
15.063
15.239
13.516
13.396
13.414
13.433
13.233
21.798
13.101
12.859
12.872
12.52
13.465
13.409
13.409
13.182
13.528
15.392
13.892
13.404
15.127
14.495
19.279
14.415
12.236
12.566
12.529
13.531
13.371
15.382
13.351
13.862
12.972
15.411
15.152
13.413
13.176
12.404
12.082
12.106
13.005
13.432
13.409
12.683
13.552
13.491
12.94
12.824
13.779
13.639
14.468
13.357
13.306
13.467
13.211
13.438
13.456
13.446
13.368
13.355
13.465
13.525
14.105
13.451
13.149
12.563
13.448
14.363
14.039
13.341
15.259
14.215
15.057
14.361
14.212
13.858
15.486
13.31
13.356
13.259
13.441
13.255
13.637
13.43
13.404
13.734
13.294
13.466
13.305
13.536
13.454
14.057
14.507
14.341
12.588
12.439
14.21
14.163
13.389
13.438
12.848
13.468
13.296
14.637
13.379
13.022
13.664
13.409
12.964
13.76
15.741
36.465
13.865
13.585
13.43
13.563
13.378
15.273
13.751
13.752
15.186
13.141
13.808
15.676
18.651
15.284
15.322
13.565
13.345
13.359
14.723
14.667
14.913
17.492
15.865
13.241
12.997
17.841
14.547
19.411
15.171
13.888
15.171
12.615
15.897
16.249
13.828
13.364
13.437
13.398
12.901
12.494
12.94
12.697
13.441
13.345
13.822
13.832
13.434
13.39
14.039
13.161
15.971
15.39
12.84
12.417
12.501
12.54
13.379
13.418
13.31
13.333
13.364
14.806
19.144
16.682
20.923
16.629
12.328
12.967
12.283
13.46
13.384
13.912
14.469
14.057
13.364
15.395
13.378
15.044
13.397
12.78
12.327
13.466
13.316
14.336
16.948
13.788
15.547
15.197
26.013
13.203
13.874
16.722
13.625
13.356
13.211
13.572
13.391
13.125
13.04
15.237
13.369
12.977
13.374
12.967
13.44
13.087
12.665
13.599
13.331
13.31
13.5
13.036
12.831
12.095
13.712
13.549
13.394
13.404
14.45
13.335
13.582
13.422
12.378
11.869
13.465
13.548
13.53
13.455
13.57
15.188
13.48
12.973
12.994
14.301
13.401
13.924
13.37
13.218
13.462
13.345
13.421
13.385
14.76
13.402
13.045
15.25
13.44
15.867
13.728
12.992
14.957
14.421
13.054
14.267
13.834
14.045
15.244
13.604
13.523
13.915
13.356
15.267
14.002
13.158
13.452
13.304
12.933
12.848
12.453
13.518
13.104
12.839
13.952
14.215
13.48
13.322
13.896
13.029
14.526
13.384
13.884
13.283
13.09
17.577
13.814
13.004
13.498
13.387
15.894
14.759
13.014
14.707
14.523
13.618
16.679
14.727
14.385
13.143
17.352
17.547
12.946
13.069
20.256
13.314
13.537
13.356
13.34
13.329
12.997
12.291
13.428
13.478
13.45
15.489
15.402
19.636
14.125
15.212
14.028
18.632
14.004
12.903
12.92
12.339
13.37
15.082
13.503
12.412
12.734
15.309
13.448
14.801
13.236
12.633
13.93
13.676
13.572
15.735
12.71
13.886
13.342
14.082
13.078
13.027
13.236
13.374
13.374
12.549
39.332
32.387
11.96
11.832
12.028
12.036
12.163
12.516
13.456
13.635
19.078
13.3
13.977
14.323
17.655
13.547
12.837
12.795
12.847
14.334
13.184
13.179
13.143
12.5
17.126
14.316
14.604
14.281
13.242
14.115
12.9
12.177
13.383
13.154
13.262
13.101
14.092
13.218
13.34
13.531
15.128
13.173
12.631
13.218
13.174
12.695
15.767
13.244
13.958
12.853
12.18
16.369
15.129
19.597
17.466
13.247
13.434
13.6
13.425
13.061
12.777
12.422
12.301
14.627
13.214
15.715
13.234
13.374
13.313
12.691
14.254
13.866
15.221
15.518
13.477
15.644
13.159
15.111
13.995
14.512
14.968
14.333
13.018
13.847
13.208
13.52
13.145
13.653
13.239
13.39
13.062
12.57
16.792
20.409
13.402
13.281
14.509
13.095
13.463
13.307
13.444
13.919
12.886
12.032
13.779
15.334
14.234
14.968
14.041
13.341
12.889
16.692
21.418
13.336
13.001
12.861
13.284
12.618
13.37
13.102
15.107
15.027
14.198
18.063
18.212
13.609
13.103
13.251
14.188
13.588
12.558
12.352
13.131
14.151
14.87
14.299
14.817
16.682
13.622
16.441
14.55
13.722
14.923
13.753
13.372
13.149
16.119
17.426
17.337
13.286
13.164
13.294
12.93
12.702
13.158
13.188
14.711
13.211
13.095
13.645
12.785
14.444
13.941
14.117
16.413
14.566
14.884
13.478
13.355
13.291
40.204
42.252
41.969
39.03
18.153
12.393
11.871
11.945
11.742
12.056
11.421
11.638
13.365
13.59
16.794
15.864
13.802
12.995
13.529
12.317
12.059
12.164
11.508
12.363
11.774
11.158
11.636
11.557
11.643
11.446
11.195
11.596
11.502
12.037
13.288
11.935
11.384
11.496
11.693
11.361
11.361
11.167
12.717
12.021
13.635
12.465
12.382
13.501
13.439
13.016
12.929
13.386
14.477
14.442
12.84
12.087
13.149
12.539
13.597
14.095
12.675
13.517
14.899
12.117
16.416
13.636
15.313
11.601
12.472
12.218
15.444
19.469
17.654
11.618
12.76
12.754
13.978
12.281
14.858
15.084
13.265
12.823
12.84
17.076
18.154
17.389
13.758
13.21
13.362
13.226
14.214
14.042
13.764
16.288
17.514
13.352
13.136
13.623
13.957
14.04
13.178
13.194
13.289
12.489
12.455
12.855
12.673
14.691
13.499
15.211
13.299
12.759
13.367
13.401
13.227
14.437
12.847
13.944
14.286
13.355
13.28
13.972
15.406
15.696
13.896
12.145
14.225
14.187
12.958
14.189
14.686
13.419
14.198
13.352
31.661
13.861
13.401
14.433
15.677
15.404
12.823
12.903
12.686
13.352
12.742
12.7
13.306
12.985
13.252
12.345
13.838
14.545
17.609
12.269
12.668
13.795
13.989
12.702
13.286
12.946
19.985
17.231
14.325
17.37
13.217
25.627
13.379
13.195
12.749
12.736
13.376
13.333
13.445
13.194
13.348
12.426
12.541
12.784
12.539
16.167
13.243
15.235
14.302
14.291
18.169
12.245
11.81
12.43
12.173
12.377
13.354
12.888
13.426
13.365
13.387
13.187
13.588
12.506
14.613
13.173
12.847
14.593
13.953
12.592
14.971
14.967
13.522
13.37
13.221
14.126
14.809
15.128
13.429
12.256
13.259
13.521
13.399
13.265
13.359
13.332
14.403
12.492
19.146
15.689
12.718
13.296
12.948
12.64
12.82
12.759
16.322
15.125
13.355
13.399
13.234
13.413
13.34
18.152
13.22
15.13
14.106
13.218
15.471
14.659
12.948
24.911
13.239
13.396
13.007
12.71
14.844
16.902
19.913
14.898
13.603
13.935
12.759
13.476
13.488
13.738
16.623
14.766
14.999
13.449
13.289
12.889
15.093
14.196
12.759
13.946
14.96
14.944
12.674
12.5
15.1
14.014
13.319
13.255
13.526
13.23
13.256
13.248
13.204
13.823
17.016
12.926
12.336
12.329
13.955
13.614
13.816
14.29
15.077
14.605
19.897
16.381
14.787
19.459
17.152
13.159
13.111
12.867
14.609
16.91
13.189
16.744
17.07
16.291
20.558
13.756
12.807
13.589
12.717
13.241
13.378
13.199
12.733
12.607
12.193
15.322
13.258
39.835
13.415
13.119
12.656
12.108
12.285
13.241
13.295
13.856
13.367
13.089
13.263
13.109
14.602
13.216
15.166
14.238
14.26
13.235
12.031
13.171
14.904
13.986
15.002
13.812
14.317
13.602
17.453
17.346
14.316
12.625
12.46
14.591
15.106
13.287
13.618
13.246
13.872
13.788
15.638
13.399
13.804
13.217
13.136
17.613
14.431
13.442
13.349
15.369
14.949
17.318
15.125
13.383
13.245
13.244
13.081
14.561
16.291
34.903
28.136
12.425
11.756
11.576
12.384
12.259
13.092
13.293
13.157
13.386
13.177
12.456
13.293
13.182
17.566
22.708
14.07
12.772
12.689
13.319
14.034
18.489
13.957
28.258
33.301
13.584
12.922
12.947
13.605
13.296
13.219
13.115
12.477
12.286
13.189
13.6
13.968
13.272
13.16
12.487
14.429
15.016
13.676
13.267
14.842
13.34
13.554
13.463
12.797
12.712
13.585
13.251
16.686
14.738
13.737
13.835
16.404
39.804
21.268
13.009
12.55
12.404
12.752
12.829
13.399
13.248
14.982
13.375
13.223
13.402
13.307
13.348
13.299
12.989
12.722
13.799
13.512
15.332
14.487
17.727
15.015
14.402
12.997
38.05
12.599
12.281
12.196
12.233
12.203
13.242
12.549
13.412
13.433
25.234
13.136
13.355
13.251
12.44
13.265
13.112
14.559
13.77
12.413
12.057
13.608
13.338
13.21
13.466
13.231
13.287
