22.582
14.338
13.484
15.761
16.174
15.832
14.444
15.346
13.509
12.912
14.197
13.49
14.019
14.611
17.223
14.722
13.313
13.715
13.224
14.085
15.238
16.071
22.573
12.778
13.504
13.499
13.51
13.425
13.483
13.386
13.601
13.688
14.437
14.521
15.245
13.309
15.19
15.47
14.018
14.509
13.597
13.527
13.612
13.06
13.702
13.406
13.614
13.49
13.478
14.372
13.492
13.357
13.036
13.831
14.36
15.566
14.747
12.92
13.034
13.458
16.138
14.987
15.067
13.518
12.921
13.566
13.464
13.487
13.441
12.901
13.571
13.408
12.531
13.719
13.597
13.498
14.086
13.984
13.713
13.561
13.523
13.677
13.871
13.494
13.457
13.423
13.139
13.754
13.235
14.184
14.52
15.139
13.451
13.327
13.729
14.523
13.869
14.715
15.286
13.417
13.038
12.632
13.637
13.602
15.114
13.459
13.173
12.666
12.698
13.577
13.201
15.362
13.4
12.958
12.183
13.306
13.004
13.517
13.454
14.68
13.461
15.322
15.312
13.48
13.501
15.39
14.184
14.357
14.177
12.411
12.667
13.516
13.082
15.079
14.647
13.646
13.811
13.383
14.495
13.509
15.228
15.884
13.538
14.133
14.36
14.871
15.114
15.462
13.338
13.076
13.324
12.753
13.5
13.587
13.761
13.518
12.959
12.778
13.505
13.294
14.398
14.14
13.55
13.456
14.723
17.694
13.537
13.593
13.644
13.868
14.356
13.374
13.516
13.016
12.715
14.017
13.537
13.64
13.965
13.507
13.498
19.684
15.043
13.564
13.128
13.628
13.49
13.478
13.547
14.597
14.011
13.746
13.455
13.395
13.87
13.359
13.913
14.519
13.854
14.011
14.551
15.935
14.883
14.794
14.225
14.143
15.344
14.798
15.406
14.046
14.741
14.498
14.536
15.371
14.679
15.059
14.197
13.776
13.504
14.652
13.596
13.388
13.895
13.604
13.639
13.717
12.723
12.175
13.414
13.206
13.479
13.474
13.432
14.068
15.177
14.702
17.256
12.635
12.796
14.714
13.628
13.602
14.336
13.571
13.655
14.036
13.877
14.045
13.715
14.189
13.963
13.514
13.603
13.496
14.153
13.824
14.086
14.091
13.863
14.602
13.787
13.615
13.282
13.48
16.327
13.457
14.374
14.858
13.474
13.273
13.536
13.501
15.475
14.977
13.722
13.597
13.587
13.506
13.511
13.429
14.56
13.55
13.502
13.444
13.581
13.424
13.32
13.101
12.696
13.965
16.088
14.556
16.936
13.713
13.519
13.767
13.394
13.14
13.557
13.447
13.985
13.396
15.165
13.626
13.55
14.605
14.611
14.005
14.38
13.842
14.319
14.485
13.583
13.798
14.491
13.867
13.613
13.78
13.63
14.154
13.816
13.582
13.644
13.545
14.767
13.492
13.439
13.452
13.552
13.52
14.383
14.115
14.085
14.103
14.633
14.084
13.708
13.486
13.808
13.512
13.456
13.403
13.557
13.341
13.654
13.584
13.251
14.555
13.615
14.35
13.603
13.748
14.015
14.409
14.16
13.263
13.942
13.524
13.635
14.43
13.453
13.569
13.787
13.774
13.692
13.344
13.877
13.317
13.287
13.711
13.626
13.349
13.081
13.744
14.493
13.518
13.086
13.085
14.372
13.291
14.46
16.522
12.939
13.984
14.352
12.753
13.118
14.437
16.561
16.213
14.069
13.594
14.899
17.417
14.046
14.559
15.949
13.512
14.704
13.883
14.284
14.192
14.256
14.147
13.944
14.004
14.173
14.34
16.893
16.328
14.034
12.793
13.358
13.24
13.427
13.253
13.489
13.515
13.589
14.682
14.514
16.026
14.374
13.29
12.425
13.571
13.403
14.992
13.812
13.928
16.033
15.195
14.722
13.239
12.782
14.827
13.538
13.336
12.735
13.038
12.658
13.575
13.482
13.405
13.401
13.434
13.869
13.463
14.344
14.167
13.939
15.087
14.794
14.092
13.289
14.029
13.49
13.186
13.598
13.283
14.265
14.012
13.924
14.516
13.377
13.621
14.192
13.618
13.53
13.303
15.321
13.313
14.187
13.828
14.101
13.447
13.491
13.419
13.622
14.099
14.175
13.787
13.384
13.921
13.71
14.219
14.126
14.22
14.13
14.086
13.659
15.808
14.516
14.285
14.743
12.804
12.53
13.565
13.252
13.286
13.631
13.991
15.635
14.036
13.467
13.405
13.505
13.328
14.032
16.144
17.492
13.721
13.352
13.498
13.474
13.32
13.386
13.074
13.596
14.079
13.866
13.628
13.39
13.403
13.469
13.815
13.413
13.524
13.383
13.109
13.522
13.349
13.253
13.704
15.959
13.419
13.678
12.77
13.4
12.704
12.966
13.352
13.258
13.015
13.597
16.207
14.742
17.965
15.097
13.346
15.564
14.367
13.277
13.354
14.35
15.344
13.396
14.356
13.541
13.432
14.521
14.098
15.761
14.656
13.116
12.076
11.812
12.119
13.282
12.992
13.627
15.288
15.468
18.865
30.616
13.229
13.469
13.183
12.433
14.333
13.267
13.259
13.324
13.007
23.139
28.052
16.155
12.121
12.235
13.435
13.351
13.952
13.276
13.839
13.832
13.332
13.433
13.362
13.367
12.763
13.125
13.722
13.885
13.844
13.455
13.52
13.319
13.281
13.131
14.077
13.265
13.281
13.338
15.091
12.972
13.324
13.405
13.312
13.294
13.374
13.73
13.302
13.464
13.535
13.373
13.214
13.389
12.859
13.357
13.467
13.436
13.341
13.641
14.476
14.443
15.158
15.177
41.302
28.112
14.076
13.322
13.348
13.3
13.325
13.729
14.255
14.089
13.534
13.379
14.146
13.447
13.13
13.411
13.376
13.896
13.318
13.699
14.547
14.996
14.278
13.993
13.949
14.979
14.36
13.535
13.129
13.523
13.56
13.498
13.516
13.552
13.467
13.374
12.666
11.96
12.519
13
12.666
12.701
12.747
12.567
12.387
12.29
12.332
12.345
12.499
12.213
12.712
13.458
13.507
13.643
13.421
14.402
13.43
13.52
13.647
13.916
13.981
13.571
13.514
13.732
13.789
13.601
13.834
13.235
14.01
13.772
13.529
13.679
13.177
14.555
14.41
15.922
14.252
14.038
14.114
14.037
14.455
13.702
14.695
14.258
13.923
13.369
13.389
13.383
13.54
13.485
13.449
13.753
14.004
13.294
13.895
12.812
12.787
14.839
13.461
12.655
13.329
13.03
12.804
19.102
13.399
13.845
13.431
15.32
16.22
14.58
13.413
15.139
16.59
15.711
12.764
12.709
13.243
12.87
12.402
14.464
16.235
14.772
13.738
12.933
13.907
13.893
13.344
13.009
13.767
14.158
14.036
14.571
15.184
14.027
13.696
13.423
13.503
13.853
15.149
13.32
13.248
12.881
12.506
12.359
13.489
13.377
15.34
17.443
13.778
13.542
14.226
17.252
14.024
14.011
13.586
13.578
14.585
13.727
14.107
13.575
13.507
13.519
13.407
13.857
13.618
13.836
14.187
14.603
15.481
15.334
14.901
16.179
14.075
14.348
14.365
14.084
13.808
14.807
15.302
15.235
14.209
13.355
15.837
14.239
13.567
13.658
13.482
13.795
14.478
13.654
13.539
14.281
13.422
13.548
13.593
13.298
14.247
13.314
13.257
13.343
13.449
13.363
13.966
14.368
36.824
41.517
40.743
40.578
22.424
13.434
13.38
13.595
13.442
13.323
13.086
12.938
13.134
12.89
12.671
13.726
13.703
13.403
13.279
13.423
13.351
12.954
13.439
13.662
13.454
15.779
16.811
15.268
13.208
15.308
18.853
17.824
24.883
21.434
12.358
12.36
12.488
16.01
14.259
13.391
13.184
13.447
14.038
13.746
13.318
13.98
14.418
13.053
13.384
13.51
13.317
13.714
13.396
13.229
13.601
13.109
40.654
20.21
13.191
12.7
13.325
13.834
14.788
17.337
13.537
13.442
13.38
13.681
13.17
13.484
15.581
13.587
13.283
14.842
14.236
16.451
16.675
16.197
19.311
13.335
13.431
13.438
14.342
14.016
14.035
13.528
14.081
13.412
13.167
14.144
13.67
13.483
13.378
14.157
14.1
14.349
14.124
14.493
14.112
14.23
13.926
13.683
13.41
13.459
14.677
13.935
13.99
13.391
13.183
13.345
12.54
12.85
13.485
12.571
11.898
11.699
12.546
12.106
12.739
12.811
12.892
12.436
13.035
14.306
13.181
13.161
13.73
14.756
13.608
13.766
13.545
13.776
13.483
13.84
13.618
13.807
14.204
13.959
14.175
13.595
14.376
14.039
13.624
13.798
13.465
13.572
13.803
13.669
13.598
14.261
14.889
14.758
14.168
14.202
14.086
14.493
13.861
14.631
14.3
13.372
13.619
13.407
14.432
13.985
13.955
13.992
14.746
16.091
14.353
13.944
14.367
15.079
15.018
15.518
15.065
15.145
14.886
13.593
14.657
13.776
14.807
13.605
13.632
13.508
14.628
15.002
14.523
15.625
13.524
13.567
13.628
13.407
13.521
13.726
13.51
13.49
13.81
13.94
14.063
15.259
15.413
13.682
13.903
13.435
13.333
13.062
12.543
13.007
12.874
17.481
15.309
13.673
13.5
13.245
13.329
13.274
12.86
12.231
16.643
14.846
13.661
