6.133
5.821
5.775
6.207
6.394
5.807
7.117
6.769
6.094
5.851
5.743
7.459
6.125
7.29
17.221
17.844
11.155
5.757
5.819
6.697
6.725
5.972
6.172
5.823
6.196
6.543
16.022
18.009
17.619
18.409
14.781
5.308
6.235
5.981
5.828
5.824
5.746
5.791
6.058
5.779
6.021
6.045
6.264
5.799
5.76
6.542
5.768
5.849
6.167
5.842
5.78
5.864
6.059
6.695
8.25
16.58
5.923
5.754
5.819
5.724
5.735
5.944
7.211
5.798
5.78
6.27
6.014
5.891
17.549
7.345
6.607
6.718
6.024
5.837
5.838
6.301
5.862
5.793
5.82
6.384
6.166
7.107
7.957
7.756
6.58
6.505
6.508
6.662
6.032
6.09
5.884
6.097
6.634
6.092
6.052
6.576
5.828
5.81
5.832
5.789
5.84
5.867
6.047
6.147
6.117
6.054
6.073
6.014
6.516
6.028
6.162
6.071
6.01
5.805
5.84
6.777
6.801
6.519
6.563
6.276
5.909
6.055
5.99
6.205
6.838
6.085
6.103
6.12
5.961
6.076
5.806
5.774
6.211
6.114
6.372
6.041
6.56
6.649
6.341
7.615
6.605
6.15
6.111
6.038
5.903
6.121
6.098
6.505
6.236
5.823
5.857
6.615
6.521
6.3
5.885
5.869
6.014
6.05
6.133
6.662
7.237
6.758
6.12
6.468
6.147
6.578
6.447
6.149
6.141
6.105
6.38
7.15
6.765
6.078
6.023
6.108
6.11
6.448
5.877
5.902
5.887
5.94
5.862
6.037
5.911
6.106
6.111
5.847
5.775
6.15
6.022
6.003
6.026
5.733
5.793
6.827
6.212
6.136
5.935
6.535
6.037
5.923
6.071
7.097
9.883
9.646
5.861
6.593
5.837
6.001
7.269
6.446
5.971
5.786
6.474
6.854
5.784
6.114
6.052
6.68
6.003
6.653
6.572
14.297
5.732
6.088
7.112
6.691
6.316
6.377
6.869
6.041
5.776
5.993
6.523
6.055
6.886
6.008
5.767
6.641
5.924
5.69
6.538
6.185
5.962
6.955
6.806
5.973
7.301
6.957
6.3
6.327
6.028
7.53
6.113
6.075
6.072
9.448
6.361
6.49
6.069
6.083
6.421
7.49
6.123
7.239
6.045
5.825
5.878
6.003
5.759
5.833
7.558
6.763
5.898
6.048
5.759
6.05
6.345
5.991
6.012
7.002
7.695
8.933
7.558
5.791
5.792
6.482
6.071
7.182
6.471
6.104
6.272
5.83
6.791
7.611
7.847
6.864
6.638
5.972
5.878
5.801
6.237
7.618
6.992
5.928
7.105
5.851
6.085
5.743
5.932
6.121
6.192
5.819
6.771
7.703
8.334
6.061
6.272
6.329
6.133
6.399
6.03
6.039
6.836
7.526
6.114
8.195
6.845
8.027
6.057
6.039
6.29
6.367
6.076
6.122
6.058
6.391
6.071
6.41
6.126
6.102
6.155
6.101
6.05
6.128
6.137
6.146
6.115
6.721
6.891
6.724
6.43
6.163
6.482
6.131
6.133
6.395
6.396
6.034
6
6.014
6.068
6.169
6.263
5.932
5.803
5.794
5.789
5.845
5.798
6.129
5.942
5.882
5.902
5.766
5.927
6.211
5.821
6.208
6.637
6.572
6.462
6.06
6.091
6.303
6.299
6.313
6.21
6.961
6.108
6.169
6.358
5.872
6.338
5.95
6.059
6.492
6.889
6.498
6.393
5.944
6.036
8.222
11.719
6.063
7.423
6.266
6.085
6.435
6.634
7.006
5.83
5.85
5.81
5.816
5.77
5.825
5.775
5.88
6.743
6.846
6.045
6.627
7.179
6.908
8.793
6.87
5.948
5.804
5.925
5.794
5.897
6.593
6.849
6.989
5.965
7.115
7.423
5.697
5.973
6.624
6.412
6.123
5.977
7.423
5.855
5.847
11.617
16.749
6.42
6.109
6.945
6.838
6.198
6.026
6.071
6.071
6.672
5.816
5.779
5.857
5.922
6.002
5.792
5.905
5.84
5.713
6.643
7.816
6.097
6.099
7.412
9.499
9.645
6.656
5.88
6.165
6.171
6.242
5.996
5.831
5.79
5.829
6.457
6.053
6.849
6.136
6.542
6.027
6.337
7.123
5.754
6.538
5.957
6.453
7.62
6.034
7.607
8.837
6.026
6.972
5.898
7.061
6.303
6.195
5.782
5.978
5.868
5.748
6.122
7.326
5.991
6.093
6.046
6.091
5.826
6.081
6.053
5.962
5.865
6.659
6.136
6.758
6.469
6.207
5.933
5.814
5.925
7.456
6.434
5.886
6.965
5.948
5.827
5.996
5.851
5.786
6.199
6.504
6.161
6.026
18.317
18.15
12.748
6.139
6.775
6.002
6.022
5.997
5.739
5.736
5.817
5.738
5.878
5.805
6.284
6.133
6.093
6.101
6.108
6.627
6.115
6.088
6.141
6.148
5.99
5.996
6.105
6.176
5.886
6.085
5.835
5.806
6.071
6.146
6.042
6.166
6.087
6.039
5.92
5.957
6.756
6.249
6.085
6.61
6.084
6.16
6.397
6.453
6.342
6.539
6.575
6.011
5.925
6.559
17.194
5.677
5.765
7.38
5.783
5.85
6.969
7.154
7.664
5.998
7.037
7.522
7.55
5.978
6.526
6.071
6.066
6.019
6.232
6.036
6.412
6.662
6.631
6.644
7.116
6.108
6.062
6.13
6.384
6.055
6.048
6.437
6.118
6.005
6.727
6.248
6.172
6.116
6.579
5.967
5.736
5.796
5.973
6.664
6.541
6.526
5.985
5.98
5.937
5.848
5.876
6.954
6.62
6.099
6.005
6.331
6.055
6.697
6.624
6.393
6.122
6.366
7.09
6.619
6.682
6.728
6.125
6.035
7.033
6.791
6.77
6.608
6.616
6.993
6.638
6.076
6.257
6.035
6.051
7.18
6.043
6.038
18.054
17.183
6.024
6.026
5.984
6.026
6.192
6.111
5.858
5.87
6.16
6.662
6.071
6.186
6.043
6.05
6.153
6.101
6.144
5.805
6.113
6.098
6.104
7.841
6.052
6.24
6.549
6.046
5.962
5.796
6.049
6.721
6.132
8.03
6.056
6.477
5.937
5.858
5.877
5.866
6.07
5.879
5.933
5.768
6.579
6.198
5.999
6.32
6.822
6.025
5.944
6.857
5.811
5.778
5.802
6.614
5.969
5.753
6.066
6.264
7.739
5.916
6.808
6.322
6.355
7.579
8.465
8.806
6.199
7.163
6.975
7.089
6.093
6.004
6.462
6.275
6.357
6.14
6.067
6.124
6.139
6.146
6.622
15.353
9.264
7.773
7.545
5.931
6.082
6.443
6.128
6.407
6.535
6.749
6.638
6.792
6.229
6.432
6.16
6.447
6.281
6.288
6.088
6.586
6.23
6.598
6.392
6.277
6.085
6.752
6.545
5.847
6.072
6.692
6.586
6.59
6.106
6.151
6.254
6.387
6.176
6.086
6.093
6.081
6.588
6.289
6.268
6.217
6.538
6.221
6.059
5.836
6.274
6.314
5.946
6.082
6.132
6.387
6.423
7.218
6.465
6.352
6.299
6.518
5.999
6.09
6.265
6.093
5.856
6.34
6.174
6.313
6.15
6.666
6.034
6.712
6.65
6.317
6.375
6.338
6.127
6.275
6.513
5.846
5.775
5.835
5.513
5.221
5.177
5.628
5.206
5.241
5.998
5.707
5.298
5.403
5.651
5.447
5.109
5.1
5.919
6.152
6.007
6.051
5.874
5.78
5.841
6.045
6.33
7.142
6.038
7.33
6.569
6.456
6.495
6.067
6.599
6.605
6.184
5.916
6.244
6.885
6.457
5.998
7.228
8.959
6.751
6.38
6.479
6.094
6.592
5.801
6.926
6.206
5.848
6.734
5.826
6.499
5.858
6.83
6.576
6.091
7.171
5.928
5.943
6.029
9.189
6.672
7.217
6.926
5.87
5.824
6.384
6.3
6.297
5.939
6.107
6.045
6.141
6.065
5.842
5.765
5.837
6.191
6.147
5.885
5.806
5.651
6.074
5.924
7.07
6.823
5.921
6.473
5.893
6.496
5.746
6.635
5.822
6.445
5.811
7.444
5.84
5.916
6.212
5.83
5.778
5.788
5.826
5.834
5.753
5.626
5.59
7.55
5.971
7.289
6.97
5.897
6.101
6.088
6.865
5.958
7.341
5.773
6.482
5.766
5.835
6.233
6.033
6.189
6.597
6.911
6.69
6.392
6.424
6.66
6.132
6.032
6.102
6.271
6.114
6.47
6.359
6.056
6.098
6.046
5.888
5.78
5.77
6.12
5.808
5.76
5.837
5.782
5.4
5.912
6.038
6.014
6.034
6.774
5.943
6.047
6.117
6.321
6.036
6.442
6.818
6.55
6.279
5.798
5.853
6.101
6.037
5.977
6.49
5.983
6.017
5.92
5.832
5.773
5.751
5.842
5.626
5.552
5.861
5.792
6.144
6.036
5.968
5.774
5.966
5.787
5.813
7.42
5.881
5.801
6.062
5.805
7.291
5.757
5.808
6.034
6.032
6.138
6.117
6.441
6.223
6.868
6.937
6.642
7.171
6.361
6.107
6.351
6.219
6.368
6.116
8.875
6.108
6.185
6.053
6.171
6.25
6.118
6.205
6.267
6.087
6.337
6.489
6.072
6.399
6.11
6.45
6.484
6.173
5.929
5.765
5.822
5.782
5.742
5.841
5.874
5.805
5.812
7.845
6.156
6.947
5.874
5.866
5.715
5.727
5.853
6.114
5.939
5.887
5.892
5.9
5.751
6.015
5.842
6.463
5.87
6.913
6.171
6.058
6.113
5.793
5.674
5.667
5.9
6.164
8.838
6.392
6.126
5.864
6.781
6.462
6.174
6.258
6.374
6.085
5.989
6.668
5.982
6.465
5.725
5.851
5.89
5.913
5.976
5.809
5.78
5.857
5.761
5.962
6.853
6.562
5.938
7.418
6.027
6.134
6.049
5.904
5.96
6.111
5.959
5.81
6.173
5.893
5.822
5.834
5.678
5.804
5.879
5.922
5.813
6.012
5.99
5.912
5.988
6.103
5.988
5.927
5.83
6.179
6.029
6.118
6.074
6.164
6.096
6.158
6.159
6.141
6.055
6.085
5.782
6.267
6.514
5.944
6.121
6.037
6.397
6.597
6.219
6.344
6.341
6.133
6.032
5.794
5.767
5.859
6.709
6.606
6.3
6.588
6.108
6.2
6.411
6.04
6.162
6.055
5.997
6.026
6.251
5.905
6.14
5.794
5.823
5.852
5.78
5.933
6.235
6.119
6.079
6.148
6.142
6.228
6.593
6.287
6.157
5.976
5.825
5.908
5.803
6.146
6.539
6.046
6.37
7.545
5.902
5.826
6.362
5.736
5.79
5.989
5.821
6.271
6.314
5.999
6.523
6.152
5.899
5.813
6.158
6.154
5.896
5.768
6.201
5.846
6.039
6.001
6.696
5.868
6.793
6.031
6.206
6.591
6.116
6.082
6.101
5.937
5.861
5.745
6.111
5.849
5.825
5.857
5.778
6.137
5.946
5.844
5.981
5.947
5.843
5.782
6.047
6.009
5.791
5.905
5.964
8.048
11.053
14.626
14.99
14.866
8.871
6.607
6.042
5.781
5.887
6.015
5.772
