34.256
30.503
29.496
29.404
28.995
29.292
28.475
27.859
28.036
27.543
27.497
27.402
27.146
27.595
26.734
26.221
26.402
26.448
26.766
26.598
27.205
26.939
27.943
26.829
27.445
27.232
26.921
27.768
28.602
28.177
27
26.757
25.944
26.478
26.693
27.143
26.945
25.676
27.627
28.279
28.254
26.637
26.276
26.474
26.69
27.008
26.656
26.786
28.549
26.681
25.888
26.297
26.774
26.841
25.674
26.388
26.35
27.169
26.899
27.407
26.183
26.057
26.366
25.836
26.666
25.679
25.227
25.29
25.561
25.103
25.385
25.255
26.131
25.945
28.115
27.449
27.511
27.37
26.237
25.836
25.817
26.586
25.937
26.008
27.183
27.002
26.409
27.408
25.442
25.513
25.831
25.865
26.099
25.624
25.177
26.943
25.434
25.302
29.893
26.778
27.126
29.279
28.486
27.034
26.172
25.878
25.909
26.088
25.604
26.075
26.283
25.583
25.654
25.579
28.592
26.528
26.157
25.918
26.782
29.495
28.132
29.082
28.037
27.035
26.16
26.447
26.755
26.149
26.212
25.518
25.248
25.467
26.434
25.461
26.212
26.789
25.766
26.339
26.087
26.014
26.059
26.923
25.719
27.622
26.455
25.683
25.139
25.848
25.254
25.179
25.248
26.195
28.345
26.558
25.802
26.408
25.326
25.987
25.244
25.973
25.1
25.42
24.836
26.102
25.308
27.913
26.273
25.776
25.855
25.732
26.209
27.491
26.253
25.787
26.846
26.201
25.756
25.896
25.911
26.835
25.834
26.457
25.518
25.526
25.154
25.448
26.89
25.375
25.348
27.133
29.028
28.913
26.638
26.763
26.326
26.824
26.153
26.469
26.447
26.395
27.518
27.712
29.938
27.296
27.399
26.224
26.008
25.878
25.397
25.101
25.765
25.794
29.826
27.382
28.604
27.688
28.207
26.321
27.175
26.412
25.583
27.466
27.213
26.694
27.058
27.153
26.851
27.204
28.94
27.323
27.775
26.343
26.281
26.843
27.275
26.963
26.396
26.329
26.065
25.243
27.603
26.449
27.105
29.38
27.568
31.561
56.909
33.579
33.071
30.838
29.665
29.892
28.217
28.13
29.682
29.366
29.517
29.394
28.279
28.474
29.441
29.771
31.117
30.761
30.464
30.804
30.405
29.798
28.969
27.969
27.184
27.825
28.441
29.916
30.886
31.038
30.058
29.29
28.65
33.092
30.008
29.915
29.768
29.936
29.799
29.58
28.615
31.144
33.447
33.361
33.568
34.554
34.484
33.108
32.563
32.092
33.407
34.86
32.819
30.423
30.19
29.953
30.312
29.579
29.591
30.481
29.819
31.917
31.762
32.061
31.889
30.734
29.975
30.234
31.816
32.605
31.389
32.371
31.718
32.111
30.412
29.785
30.129
30.033
30.136
29.613
29.738
29.455
29.817
30.762
27.925
26.831
26.611
28.097
29.119
27.272
27.951
27.347
26.742
26.324
27.075
27.288
27.041
29.158
29.97
27.44
26.395
27.049
25.713
27.591
26.31
27.663
27.944
27.199
26.505
27.043
27.112
26.263
27.46
29.633
29.269
27.337
27.343
27.466
27.17
27.074
28.984
26.846
27.603
27.382
27.137
26.195
26.749
26.95
26.463
26.852
26.972
27.65
26.45
27.973
26.416
28.29
28.121
30.08
30.39
31.284
30.378
31.4
31.614
30.061
30.697
30.583
29.913
31.288
29.671
30.024
29.917
29.878
29.805
29.591
28.683
28.067
30.393
29.46
28.185
26.178
25.725
26.311
26.993
26.457
26.987
26.3
27.093
26.481
25.732
26.376
28.156
29.467
29.993
29.536
28.946
26.94
27.272
28.038
27.742
26.389
26.269
26.099
27.009
26.857
26.745
26.292
26.062
26.601
32.703
29.242
28.051
27.732
29.242
30.611
29.97
30.141
30.447
30.454
31.645
31.795
31.657
31.912
33.051
31.217
29.062
27.4
28.183
27.5
27.502
27.231
27.748
28.369
27.023
25.954
26.725
28.218
26.902
26.171
26.241
26.226
28.08
30.055
32.255
31.577
29.351
28.035
28.391
28.072
27.034
28.292
27.283
26.896
25.764
26.364
25.809
26.966
25.725
26.913
26.417
26.681
25.652
26.268
27.3
26.752
28.239
28.946
27.524
28.923
28.443
27.98
26.779
26.259
26.962
26.282
25.726
26.854
29.515
26.487
26.213
28.37
27.678
26.168
27.592
27.125
27.404
27.173
26.165
25.245
27.227
26.464
27.153
27.746
26.995
27.289
26.102
25.903
25.735
26.072
26.31
25.732
27.286
25.591
27.4
26.22
26.462
26.808
28.004
27.058
26.688
26.451
25.92
24.888
26.331
25.717
25.278
26.175
29.844
27.615
26.821
27.415
26.7
26.452
26.578
26.109
25.99
25.666
25.741
25.632
28.907
27.358
25.619
26.12
25.905
25.898
26.008
27.321
26.449
25.912
27.049
26.102
26.801
27.164
26.519
27.695
26.718
26.63
27.003
25.845
27.664
26.636
26.007
27.15
26.844
25.861
27.902
27.614
26.723
26.583
26.989
26.315
26.02
27.16
25.81
25.953
25.812
25.459
26.073
26.021
27.494
26.698
28.238
30.301
30.174
32.949
33.681
31.74
33.701
31.479
35.566
30.118
30.734
29.744
29.122
27.387
29.058
29.177
27.266
28.383
28.495
29.846
29.521
29.633
27.694
29.346
29.721
29.151
28.154
28.105
26.808
27.025
29.213
27.914
27.028
27.996
29.883
29.742
28.77
27.405
27.081
26.702
27.283
29.433
29.34
28.44
28.389
30.11
29.822
28.201
30.064
29.817
29.534
29.2
28.75
30.261
28.865
27.582
27.607
26.943
27.968
27.784
26.647
28.35
27.202
26.445
26.6
28.508
30.783
27.345
26.25
26.801
28.255
29.098
27.564
27.848
28.986
29.788
27.954
28.524
29.785
28.898
29.233
29.341
27.079
26.838
26.736
28.56
27.653
27.541
28.742
28.029
26.75
27.108
26.747
28.249
27.277
26.947
26.643
26.395
27.682
26.964
25.709
25.698
25.905
26.386
27.448
25.887
29.008
27.283
26.615
27.597
27.336
25.911
27.768
26.67
26.689
27.382
26.614
28.23
26.86
25.587
27.32
26.388
28.315
27.68
27.724
29.041
27.358
26.501
27.185
26.213
27.413
26.431
26.781
26.423
26.501
26.766
26.029
25.716
26.37
25.633
25.925
25.567
26.24
27.842
26.593
26.467
26.799
28.403
26.532
27.576
27.234
27.802
27.455
28.451
26.571
28.461
27.041
27.16
28.919
28.974
32.604
30.297
33.137
32.516
29.709
28.912
28.478
27.108
28.275
27.703
27.17
26.579
26.365
27.367
28.637
27.21
26.566
27.323
26.376
26.993
26.247
27.054
28.259
27.175
26.96
27.04
26.464
25.606
26.837
26.319
26.596
27.31
26.748
26.076
26.16
27.384
28.297
29.44
28.717
27.346
28.021
27.899
26.412
27.1
26.419
27.915
31.036
29.915
28.715
27.417
26.564
26.285
25.119
27.855
27.584
26.696
27.572
28.803
27.561
27.905
27.437
28.292
27.418
28.322
28.626
27.924
27.502
26.973
27.895
26.719
26.423
25.312
27.026
28.339
27.562
25.996
26.487
26.547
26.045
26.058
25.884
26.924
30.952
27.842
26.067
27.19
25.572
26.463
25.832
26.983
26.959
27.078
26.87
25.618
25.781
26.562
26.372
26.616
25.906
25.942
28.496
27.405
26.69
26.897
25.742
26.221
26.683
27.667
26.208
26.774
26.198
27.977
27.632
25.731
25.401
26.123
26.078
26.431
26.741
25.875
25.634
25.681
26.296
26.844
25.588
25.892
25.21
25.084
25.504
26.107
27.256
26.775
25.157
26.433
27.889
26.683
26.078
25.814
26.552
26.097
25.861
26.581
25.91
28.211
27.769
28.703
30.441
27.972
28.546
27.573
27.028
25.582
25.875
28.997
28.278
27.342
26.941
30.028
30.16
30.156
29.023
29.979
29.735
30.622
29.818
30.945
30.61
31.26
31.535
30.794
29.886
30.039
30.985
30.991
31.493
30.298
31.937
31.212
31.542
31.418
31.672
31.011
29.474
29.095
27.679
28.818
28.289
27.668
28.151
27.607
29.229
30.039
30.414
29.447
28.827
29.988
29.673
28.21
28.089
29.776
28.882
27.896
30.716
28.559
29.183
29.502
27.203
27.406
28.586
27.785
28.284
28.272
28.813
27.953
27.514
28.74
29.746
28.321
27.614
27.605
27.746
26.531
25.708
27.174
26.3
26.11
26.52
28.076
29.482
30.021
29.319
27.265
26.351
27.884
28.758
27.367
26.312
27.432
28.416
30.016
29.78
27.866
26.23
26.121
26.098
26.799
28.22
26.535
26.734
26.486
26.828
25.807
31.49
27.676
25.583
25.553
26.284
26.539
26.39
26.156
26.246
28.235
26.603
26.781
26.834
31.472
27.841
27.598
25.818
25.359
27.052
26.121
25.855
26.372
28.635
27.323
26.184
27.704
27.3
27.504
25.892
26.639
27.104
26.999
28.377
25.696
26.277
26.108
25.835
30.887
28.148
27.163
26.303
25.914
26.48
26.346
27.933
26.547
26.06
25.524
27.075
26.696
26.033
25.916
27.719
27.413
25.913
26.911
26.263
26.107
26.403
28.41
26.681
27.194
25.691
26.553
27.267
27.824
28.816
29.075
27.397
26.664
25.946
26.111
26.055
25.57
29.043
28.03
28.631
27.453
26.572
26.098
26.91
26.331
25.982
26.412
26.498
28.185
27.073
26.428
26.938
26.598
26.836
27.848
27.137
27.799
29.083
28.282
27.877
27.345
26.888
25.914
25.868
26.292
26.277
26.189
28.29
27.316
28.164
27.047
26.733
26.157
28.336
27.984
26.644
26.631
28.448
26.665
26.434
26.908
25.847
27.114
26.072
25.921
25.091
25.829
26.37
26.285
25.654
25.774
28.387
28.314
27.294
26.214
28.004
28.104
27.116
26.774
26.868
27.21
25.845
26.412
27.925
29.872
29.317
29
28.364
28.657
27.491
29.077
27.825
27.282
27.228
29.233
29.451
27.956
26.055
26.074
26.198
26.219
26.398
25.83
26.1
25.936
26.577
27.482
26.717
26.46
26.065
26.223
26.903
26.918
26.379
26.809
26.712
26.435
25.98
27.295
29.852
31.553
31.55
27.478
29.142
28.96
30.994
30.27
29.811
29.195
28.489
30.597
29.614
30.377
29.679
30.271
33.64
34.611
37.142
32.094
29.755
30.259
31.301
31.322
31.42
30.66
30.972
30.777
30.096
28.258
27.234
26.928
25.806
26.227
26.347
25.81
27.974
27.396
29.049
27.022
30.311
29.062
27.211
27.869
28.31
28.221
29.045
28.031
27.404
