13.828
16.931
14.31
15.108
14.155
14.518
17.246
14.101
12.623
13.037
13.642
16.403
13.693
15.122
15.996
14.738
14.453
20.073
19.329
15.411
16.927
14.095
16.388
14.125
14.447
14.484
17.989
15.477
25.366
14.752
13.791
16.032
16.416
16.683
19.084
15.635
14.111
14.283
16.178
14.26
14.03
13.681
13.512
15.774
13.699
15.609
14.154
13.548
13.835
14.84
16.062
15.843
40.321
15.239
15.341
14.917
13.838
14.995
15.478
15.229
14.42
14.537
14.05
13.91
13.9
14.734
14.348
18.56
14.672
14.281
15.318
18.114
40.978
19.825
41.31
14.195
14.479
13.494
15.406
15.056
14.13
14.244
15.185
13.702
18.182
14.628
14.081
17.62
14.714
18.458
13.633
13.967
15.325
34.807
13.752
17.146
14.401
15.023
27.954
13.428
24.624
14.521
35.482
16.039
13.724
19.748
12.417
12.164
11.68
15.2
15.082
15.403
13.826
14.084
13.599
13.382
14.006
13.754
17.013
14.693
14.507
15.002
14.417
16.403
23.394
14.528
38.418
13.421
15.012
16.452
15.765
13.753
15.057
14.703
17.879
28.72
15.486
15.3
14.031
13.663
14.699
36.325
15.609
15.736
16.221
13.112
15.427
12.531
16.332
15.734
14.063
14.222
14.275
13.809
19.259
14.787
15.652
14.425
14.812
15.105
13.901
14.06
13.401
16.764
15.519
18.774
14.153
14.209
25.481
40.454
14.289
14.829
17.581
21.396
15.403
15.764
14.726
16.009
14.054
13.912
20.3
14.092
14.415
14.394
15.19
13.627
19.892
16.997
15.324
27.422
15.1
20.51
15.497
13.787
15.078
15.125
14.118
13.851
12.348
15.576
15.937
15.286
14.996
13.713
13.372
22.38
16.667
16.964
14.311
15.504
16.044
14.403
16.117
15.716
13.646
16.23
17.181
14.897
14.141
14.991
19.664
17.536
14.049
15.675
19.233
14.472
13.765
14.345
15.984
13.447
15.292
12.996
40.624
16.22
15.114
15.463
13.863
14.412
14.955
15.354
16.359
18.39
33.254
16.62
16.8
17.658
17.839
18.244
19.628
17.477
20.024
16.94
13.532
14.041
13.888
15.947
14.102
15.16
15.67
15.533
15.128
14.014
17.705
14.431
17.064
16.311
17.619
15.599
14.249
15.541
18.55
