18.407
14.492
13.983
13.529
13.485
13.307
12.893
12.592
12.417
12.212
12.27
12.394
12.383
12.2
11.931
12.228
13.615
13.07
13.42
12.601
12.87
12.751
12.529
12.385
12.166
12.361
12.142
12.306
12.024
12.119
12.63
12.385
12.347
12.182
12.219
12.641
12.078
12.174
12.447
12.384
12.169
12.271
12.635
12.88
12.864
13.249
12.388
12.793
12.281
12.743
13.419
12.186
12.072
12.562
12.018
12.657
12.17
12.421
11.727
12.159
11.977
12.561
11.802
12.539
11.852
12.064
12.322
12.108
12.008
12.176
12.148
12.712
12.521
12.158
13.125
12.78
12.16
12.028
11.605
11.894
12.03
12.144
12.014
12.073
11.89
12.038
12.194
12.007
12.42
11.941
11.601
12.835
12.784
12.127
12.014
15.241
12.806
12.599
12.106
12.964
12.981
12.775
12.987
13.264
14.481
12.882
12.628
12.139
11.71
12.252
12.576
12.243
12.151
12.135
12.586
11.602
11.774
12.022
12.185
11.685
12.439
11.936
11.687
12.003
11.802
12.486
11.675
12.622
12.066
12.619
11.785
13.052
12.917
12.145
12.297
13.743
11.694
12.383
13.706
11.979
13.126
12.139
12.432
12.006
12.16
12.469
12.033
11.606
12.152
12.074
11.869
12.129
12.215
12.291
12.561
12.47
12.359
12.481
12.158
12.17
12.453
13.095
13.253
13.928
13.848
13.289
13.264
12.884
12.364
13.637
12.492
11.639
11.742
12.006
13.688
12.216
12.063
11.51
12.306
11.961
12.691
12.163
12.031
11.95
11.731
12.308
12.388
12.702
12.196
12.557
12.337
12.092
11.995
12.18
12.348
11.935
11.787
11.596
12.032
11.747
12.057
12.699
12.974
13.408
12.071
11.902
12.11
12.21
11.81
11.614
11.687
11.692
11.919
12.97
11.687
12.551
12.638
11.736
12.086
12.02
11.66
12.359
12.147
11.903
11.665
11.737
11.716
11.93
11.817
12.232
12.511
11.967
11.843
11.873
12.051
13.553
12.529
13.467
12.758
12.016
11.823
11.976
12.155
12.008
12.38
11.908
12.36
12.21
11.726
12.109
12.009
11.459
11.996
11.752
11.862
11.78
13.684
12.164
11.782
12.033
13.137
12.719
12.272
12.076
12.679
12.833
13.27
12.732
12.137
11.7
11.953
11.897
12.531
12.366
12.046
11.826
12.619
11.645
11.69
11.835
12.051
11.796
12.482
12.329
12.277
12.183
13.532
12.183
12.238
11.665
11.881
11.719
12.345
11.896
11.754
11.88
12.432
12.272
12.572
12.147
11.778
11.826
12.655
12.993
12.796
12.205
11.965
11.818
12.155
11.67
12.106
11.832
12.201
12.459
11.61
11.957
12.195
12.968
11.941
12.36
12.859
11.901
11.986
11.996
11.991
12.649
11.773
12.063
11.872
14.319
12.183
14.35
12.818
12.868
13.839
12.878
14.255
14.846
13.808
14.167
13.931
13.534
13.566
13.605
13.049
12.572
12.575
13.489
12.706
12.603
12.446
12.135
12.443
12.548
11.663
11.827
13.002
12.228
11.868
11.762
11.954
11.702
12.129
12.233
12.216
12.325
12.001
12.047
11.765
11.983
12.18
12.123
12.192
12.621
11.919
12.237
12.379
12.777
12.392
12.481
11.732
14.304
12.721
12.743
12.661
11.851
11.99
11.952
12.164
12.832
11.475
12.729
14.562
14.496
13.34
13.174
13.978
13.751
13.923
13.035
13.795
14.483
13.092
13.656
13.851
13.843
13.389
13.336
12.953
12.963
13.239
13.038
11.922
11.845
11.943
13.49
12.348
12.407
12.413
12.47
11.798
11.947
11.493
12.151
11.401
11.746
11.776
11.728
13.275
13.335
14.103
14.223
13.43
13.001
12.613
12.779
12.083
12.435
12.493
12.677
12.461
12.375
12.383
12.106
11.943
12.143
12.931
12.447
11.783
11.656
12.042
12.167
11.776
11.893
11.916
11.725
11.755
12.52
13.091
11.84
11.863
12.084
12.299
11.868
11.818
12.163
12.05
11.878
12.039
12.327
12.514
11.954
12.562
12.024
11.695
12.548
12.497
12.712
12.681
12.52
12.188
11.881
12.03
12.569
11.891
11.691
11.868
12.049
12.264
12.034
11.421
11.85
11.926
11.927
11.558
11.767
11.526
12.846
13.946
12.172
11.845
11.928
12.27
12.598
12.196
12.156
11.991
11.972
11.705
12.379
11.802
12.195
12.472
12.554
12.523
12.965
11.749
12.505
11.761
12.178
12.186
12.226
11.897
11.685
13.186
12.644
13.801
13.021
13.193
12.508
12.097
12.02
12.41
11.946
12.054
12.561
12.276
12.104
12.776
11.888
11.941
12.089
12.996
12.369
12.312
11.86
11.987
12.136
12.042
11.8
12.079
11.764
11.984
12.107
11.5
12.3
11.724
12.102
12.843
12.72
11.673
11.715
11.964
11.481
11.871
12.341
11.711
11.979
11.89
11.85
11.936
11.771
11.616
11.678
11.511
12.033
13.413
12.091
12.114
11.624
14.01
12.84
12.246
11.801
11.861
12.646
11.993
12.625
11.708
12.285
11.941
12.295
11.682
11.189
12.113
11.683
12.004
13.08
12.661
12.633
11.793
11.865
12.215
13.282
12.574
12.065
11.96
12.257
12.132
12.582
11.923
11.767
12.515
11.607
11.845
12.535
12.11
12.818
11.868
11.456
11.896
11.438
11.541
11.646
11.723
13.401
13.933
13.169
11.737
11.86
11.799
12.094
12.762
12.79
11.935
12.284
12.845
12.369
11.885
11.928
12.462
13.352
12.061
11.919
11.92
11.981
11.85
11.712
11.557
11.762
12.522
11.982
12.418
11.88
11.896
11.578
12.042
11.763
11.794
12.213
11.589
12.437
13.652
12.821
12.601
12.359
13.044
12.282
12.681
12.317
11.821
11.807
12.029
12.104
11.879
12.569
12.192
12.96
12.517
12.32
12.013
12.11
13.186
12.665
11.979
11.899
12.413
12.192
11.599
12.398
12.511
12.339
12.228
11.63
11.81
11.985
11.706
11.82
11.796
11.985
11.649
12.703
12.588
13.793
12.345
12.102
11.916
11.761
12.884
12.463
12.111
11.921
11.951
12.067
11.745
13.236
11.957
11.973
12.054
12.272
11.963
11.669
12.199
12.712
12.177
12.713
12.896
11.845
12.13
12.104
11.581
11.996
12.463
12.207
11.623
11.71
12.164
11.939
11.877
11.7
11.709
11.755
11.765
11.531
14.549
11.93
11.895
11.804
12.19
11.739
11.769
11.544
12.221
11.804
11.7
12.161
13.408
11.753
11.753
12.167
12.356
12.28
13.643
12.509
11.88
12.158
12.751
13.198
12.398
12.798
12.735
12.665
11.964
12.334
12.791
12.045
12.702
12.495
12.008
11.742
11.971
11.763
12.125
12.131
12.462
11.867
11.816
11.643
11.792
11.855
11.944
12.234
12.835
12.667
11.906
11.589
11.724
12.428
11.904
11.947
11.989
12.153
13.153
14.228
13.565
15.416
13.465
13.441
12.246
11.796
11.846
12.202
12.157
12.139
11.588
12.237
11.61
12.602
12.758
11.748
12.153
11.96
11.758
12.591
11.855
13.151
13.936
12.255
12.344
11.953
12.688
12.335
11.828
11.845
12.019
12.026
11.708
12.236
12.326
12.205
11.999
12.271
12.112
12.716
12.157
11.983
12.293
11.79
12.436
12.093
13.439
12.854
13.795
13.309
12.608
12.254
12.326
11.684
11.852
12.219
11.474
11.513
13.251
12.185
11.909
11.538
12.326
11.823
11.441
12.449
12.145
12.15
12.87
13.086
13.757
13.618
14.085
13.282
12.382
12.102
11.789
11.759
12.026
11.86
12.56
11.626
12.458
12.309
12.677
12.688
12.4
11.842
11.884
11.885
11.762
12.642
11.767
11.583
11.898
11.776
11.734
11.642
13.416
16.926
12.489
11.907
11.895
14.411
12.405
12.102
11.602
11.396
11.949
12.47
11.711
11.651
11.97
11.996
11.624
12.171
11.882
12.674
11.832
12.43
12.003
13.074
12.455
12.89
11.864
13.475
12.197
12.157
12.349
11.994
12.189
16.666
13.045
12.623
12.132
12.061
12.004
12.433
11.821
12.096
11.877
12.425
12.165
12.595
11.969
12.298
14.026
12.668
12.061
12.928
11.728
12.036
11.794
12.475
11.851
12.055
12.101
11.894
11.735
12.092
12.071
12.13
11.969
12.102
12.366
12.157
11.879
11.743
11.967
12.302
12.103
11.67
11.769
11.868
11.976
12.011
11.655
11.867
11.627
12.006
11.653
11.597
11.795
12.158
12.824
14.834
12.804
12.02
12.197
12.09
11.729
12.301
12.201
11.93
11.87
11.838
12.001
12.7
13.988
13.192
12.549
13.015
13.206
12.347
11.785
12.083
12.037
12.053
12.128
12.158
11.798
12.463
12.467
11.964
11.749
13.1
12.717
11.92
11.822
11.86
11.752
12.011
11.871
11.487
11.705
11.645
11.962
12.04
12.005
12.052
11.997
11.987
11.869
11.844
11.885
12.119
12.62
13.48
14.005
13.009
12.271
12.576
13.406
12.162
12.013
12.789
12.529
12.87
12.503
12.312
12.383
11.933
11.848
12.501
11.954
11.961
12.384
11.575
12.013
11.379
11.961
12.109
12.281
12.222
11.673
11.419
11.588
14.48
12.165
12.113
12.265
12.593
12.14
12.162
12.189
11.738
12.549
11.826
12.358
12.103
11.791
11.6
12.183
12.857
12.982
13.164
12.012
12.245
11.826
12.023
12.511
12.703
11.69
12.627
11.929
13.229
12.619
12.351
12.749
14.277
13.092
12.611
12.473
12.498
11.705
12.025
12.172
12.25
11.778
11.826
11.847
12.099
12.185
11.889
11.647
11.723
12.044
11.97
11.842
12.329
12.301
12.381
12.112
12.082
11.745
12.378
12.175
12.11
12.002
12.006
11.983
11.922
12.576
12.418
13.308
12.133
11.978
11.901
12.649
11.919
11.495
11.584
11.671
12.088
13.026
12.442
12.395
12.24
14.83
12.966
12.255
12.429
12.455
12.641
12.278
11.388
11.605
11.431
11.672
11.345
11.583
11.98
11.625
11.337
12
11.983
13.365
11.629
12.259
11.792
12.114
11.947
12.207
11.477
11.678
11.54
11.449
12.59
11.944
12.031
11.586
12.459
11.866
12.322
12.407
12.026
12.213
12.077
11.581
11.819
11.749
11.718
11.462
11.944
12.237
13.211
12.032
12.744
12.986
13.177
12.883
12.391
12.057
11.765
12.384
11.707
11.711
11.686
12.282
12.281
13.989
11.736
12.292
12.012
11.735
11.682
11.823
11.515
11.505
11.417
11.286
11.275
11.53
11.378
11.416
11.223
11.721
11.546
11.839
11.309
11.164
15.133
12.115
11.773
15.153
13.934
12.532
11.719
11.556
11.464
11.641
11.85
11.805
12.889
12.312
12.181
11.877
11.946
11.647
12.7
12.005
11.96
11.902
12.229
11.629
11.843
11.624
11.92
11.523
12.088
11.882
11.638
12.263
11.784
11.601
11.816
11.536
11.77
12.973
12.611
12.021
11.883
11.764
11.654
12.026
11.794
11.764
11.594
11.868
11.729
11.884
11.412
12.158
11.553
11.986
11.534
11.583
11.814
12.953
12.357
11.532
11.906
11.849
14.172
11.879
11.775
11.844
12.149
12.274
12.667
12.464
12.113
12.14
11.819
11.81
11.702
16.466
12.313
11.355
12.05
11.335
12.115
11.581
14.083
12.425
12.118
12.031
11.986
11.753
11.894
12.622
11.992
12.331
11.716
11.721
11.653
11.563
11.553
11.542
12.825
12.153
11.446
12.973
11.777
11.969
12.691
12.083
12.202
11.895
11.749
11.921
11.522
12.506
12.784
13.422
12.084
12.493
11.649
12.284
11.723
11.885
12.067
12.334
13.421
12.449
11.536
12.014
11.704
11.542
12.471
12.742
11.973
12.206
11.798
12.281
11.891
11.713
12.059
11.35
11.39
11.748
12.174
12.079
11.757
12.076
12.127
12.097
12.07
11.714
11.896
12.219
11.667
12.845
12.043
12.064
12.27
11.832
11.689
12.144
12.328
11.894
11.684
12.973
13.176
11.665
12.152
14.474
12.376
12.618
13.126
12.529
12.252
11.584
11.747
11.872
12.761
11.753
11.971
11.917
11.551
11.709
12.259
11.871
11.761
13.183
11.869
12.64
11.917
11.913
11.68
11.682
11.643
12.144
11.992
12.3
11.394
11.662
11.974
11.888
11.903
12.336
11.953
11.605
11.804
12.126
11.304
12.046
12.5
12.942
12.139
11.766
12.354
11.986
12.184
11.953
11.76
12.242
12.521
11.424
11.984
11.469
11.505
11.192
11.482
11.478
12.563
11.962
12.11
11.965
11.936
11.933
