13.291
15.906
13.474
13.443
13.23
13.232
13.013
12.874
13.177
13.293
12.781
13.247
12.359
12.111
11.954
12.382
12.903
12.017
12.016
11.834
11.9
11.91
11.786
11.811
12.122
11.925
14.058
13.164
12.355
12.627
12.723
12.397
12.947
12.509
12.042
12.14
11.659
11.495
11.861
12.088
12.787
12.175
11.904
11.494
11.536
11.434
11.586
11.679
12.142
11.728
11.743
11.274
12.364
11.616
11.544
11.534
11.535
11.675
11.705
11.586
11.13
12.1
11.59
11.626
11.351
11.391
12.309
12.31
12.189
11.71
11.701
11.424
11.501
11.647
11.745
11.096
11.526
11.945
11.556
11.289
11.665
11.685
11.37
11.449
11.206
11.983
11.73
12.464
11.68
11.336
11.143
11.304
11.896
12.054
11.771
11.616
12.167
11.486
11.595
11.278
11.493
11.547
12.806
12.913
12.142
11.946
11.752
11.091
11.29
11.663
11.605
13.255
11.745
11.606
11.479
11.317
11.517
12.879
11.462
12.508
11.886
11.871
11.717
11.353
11.243
11.502
11.28
11.011
11.169
11.464
11.364
11.71
11.543
11.431
11.301
11.244
11.384
11.296
11.831
11.991
11.316
12.292
11.223
11.138
11.256
11.731
11.709
11.928
12.011
12.197
11.508
11.768
11.306
11.134
11.739
11.671
11.579
11.536
11.518
11.381
11.58
11.536
10.986
11.329
11.948
11.755
11.818
11.49
11.774
12.065
11.61
12.627
11.959
12.455
15.139
11.844
11.495
12.573
12.452
11.424
11.555
11.853
11.426
11.408
11.804
12.853
11.561
11.504
11.447
11.67
11.748
11.663
12.238
11.504
11.252
11.439
13.831
11.919
11.974
12.214
11.947
11.86
12.372
12.869
11.677
11.781
11.778
12.294
11.387
11.731
11.664
11.698
11.688
11.519
11.347
11.538
11.535
11.551
11.595
11.52
13.031
11.817
11.763
12.162
11.442
12.219
11.495
11.52
12.458
11.874
12.27
11.881
11.487
11.432
11.449
10.962
11.512
11.421
11.243
11.2
11.379
11.857
11.808
11.52
11.241
11.719
11.675
11.41
11.368
11.383
11.48
12.2
11.353
11.63
11.264
11.841
11.628
11.206
11.34
11.714
12.94
11.836
11.734
12.63
11.688
11.372
11.534
11.581
11.829
11.983
11.587
12.378
11.675
12.082
11.487
11.342
12.072
12.417
11.499
11.636
11.32
14.265
12.33
11.387
11.898
12.112
11.619
11.1
11.389
11.367
11.165
11.16
11.723
11.619
11.926
11.29
11.504
11.2
12.333
11.282
11.101
11.273
12.287
12.859
12.028
12.131
12.12
11.511
11.982
11.77
11.583
11.788
11.428
11.421
11.736
11.804
11.057
11.545
11.674
11.486
11.553
11.481
11.447
13.349
12.272
11.87
11.803
11.465
11.845
12.344
11.945
11.261
11.876
11.458
12.35
11.048
11.912
12.012
12.486
11.685
11.567
11.851
11.336
11.74
11.696
11.577
11.684
11.828
13.499
12.918
11.862
12.096
11.526
11.338
11.685
12.032
11.608
12.313
11.543
11.153
10.849
11.037
11.262
11.422
11.205
11.675
13.546
11.979
11.385
11.302
11.668
11.495
11.463
11.345
13.47
12.153
11.715
11.964
11.563
11.909
11.557
11.854
12.229
12.071
11.302
12.076
11.35
11.337
11.05
11.112
11.255
11.34
12.068
11.166
11.7
11.533
11.371
11.23
11.344
11.443
12.304
11.838
12.778
13.486
12.208
13.023
11.501
11.258
11.733
11.962
11.753
11.288
11.546
11.041
11.208
11.374
11.434
11.621
11.301
11.371
11.267
11.616
11.914
10.942
11.148
12.16
12.313
12.114
13.146
15.503
16.344
13.442
12.44
12.694
12.24
12.512
12.179
12.145
11.508
11.971
11.627
11.59
11.804
11.792
12.337
11.633
12.781
12.012
11.891
11.68
14.885
12.301
12.258
11.109
11.535
12.377
13.464
12.224
12.901
12.59
12.235
11.978
12.132
11.507
11.48
11.681
12.379
12.073
12.958
11.518
12.522
12.049
12.24
12.759
12.646
12.446
12.421
12.41
12.08
11.987
12.421
12.464
11.425
12.502
12.586
12.313
12.227
11.97
11.502
11.362
11.575
11.291
11.46
11.413
11.925
11.799
12.793
13.73
11.352
12.034
12.23
11.902
13.505
13.026
11.993
12.184
11.791
11.542
11.526
11.705
11.486
11.29
11.336
11.635
11.608
12.452
11.577
11.861
11.627
12.79
11.743
12.027
11.579
12.054
11.924
12.267
12.062
11.3
11.554
11.125
11.409
11.102
11.066
12.777
12.088
11.923
11.697
11.231
11.615
12.262
11.388
11.79
12.545
12.503
11.863
11.551
11.524
11.745
11.769
11.416
11.356
11.328
11.088
11.265
11.488
11.274
11.366
11.147
11.718
11.35
11.79
12.374
11.105
11.794
12.13
12.401
11.853
11.322
11.481
11.417
11.575
11.683
11.469
11.158
11.232
12.624
11.405
11.36
11.582
12.085
11.893
11.545
11.376
11.009
11.316
12.107
11.346
11.367
11.684
11.214
11.28
11.511
11.815
11.895
11.451
11.553
11.532
11.455
11.445
11.623
11.771
11.72
12.826
13.25
12.567
11.959
11.864
13.174
12.698
11.605
11.663
11.728
11.354
11.457
11.265
11.203
11.54
11.122
16.276
11.8
12.009
12.077
12.147
12.451
12.21
14.297
11.346
12.629
11.674
11.785
11.51
11.061
11.201
12.015
11.937
11.179
12.068
11.127
11.715
11.027
11.446
11.384
11.05
11.261
11.131
12.026
11.194
11.15
11.159
11.586
11.28
11.536
11.214
11.536
11.026
11.944
12.375
10.963
11.144
11.481
11.161
11.044
11.612
11.094
11.649
11.073
11.626
11.404
10.93
11.094
11.401
11.366
11.725
11.802
11.968
12.206
12.198
14.448
11.755
13.475
11.637
11.474
11.323
11.797
12.087
12.441
11.591
11.557
11.854
11.262
11.328
11.271
11.444
11.663
12.373
12.29
11.485
11.148
11.624
11.142
11.245
11.462
12.383
17.03
12.29
11.552
12.467
11.735
11.346
13.182
11.482
11.554
11.333
11.164
11.677
11.181
11.239
11.521
11.265
11.177
11.948
11.487
11.571
11.475
11.387
11.119
11.478
11.619
13.065
11.792
13.202
11.843
11.745
11.861
11.54
11.321
11.485
11.243
11.837
11.422
11.115
12.216
11.424
11.237
11.901
11.457
11.411
11.243
11.358
11.62
11.152
11.338
11.452
11.545
11.216
11.17
11.534
11.692
11.344
11.205
11.295
11.323
11.325
11.355
11.595
11.606
11.92
11.404
11.226
11.438
12.005
13.181
11.55
11.83
11.622
11.547
11.228
11.589
11.187
11.413
12.825
12.117
12.725
12.159
11.834
11.847
11.2
11.814
13.646
12.254
11.32
12.165
11.672
11.533
11.557
11.569
11.431
11.861
11.541
11.36
11.464
11.594
11.913
13.994
12.208
12.125
11.542
11.929
11.511
11.421
11.598
11.612
11.277
11.229
11.641
11.414
13.153
11.813
11.452
11.293
11.7
11.52
11.345
11.769
11.273
11.37
11.503
11.435
11.384
11.425
11.945
11.495
12.316
11.811
12.289
11.615
11.577
11.336
11.624
11.23
11.24
11.24
11.245
11.713
11.386
11.193
11.033
11.656
11.427
11.475
11.292
11.494
11.71
11.649
11.547
11.443
12.145
11.971
11.788
11.281
11.329
11.333
11.419
11.115
11.48
11.088
11.108
11.261
11.228
12.793
11.909
11.935
11.403
14.589
11.745
11.776
11.602
11.61
11.516
11.26
11.132
11.376
12.127
11.347
12.362
11.648
11.394
11.401
11.029
11.522
11.402
11.366
11.962
11.852
11.839
11.379
11.309
11.185
11.17
11.341
11.386
12.166
12.315
12.336
11.848
11.638
11.638
11.382
11.327
11.487
11.832
11.459
11.3
12.356
11.494
11.625
11.121
11.415
11.145
12.026
11.412
11.675
11.621
11.309
12.017
11.261
11.218
11.235
12.182
11.101
11.145
11.016
11.15
11.682
11.262
11.205
11.322
11.479
11.366
11.834
11.977
11.562
11.314
11.884
11.089
11.937
11.388
11.179
11.408
11.474
11.115
11.334
11.201
11.499
11.67
13.087
11.765
12.437
12.75
12.001
12.038
11.786
11.527
11.621
11.526
11.304
11.219
11.294
11.328
11.228
11.051
11.284
11.8
11.285
11.463
11.23
11.683
11.312
11.141
11.274
11.545
11.673
11.206
11.267
11.513
11.281
11.248
12.641
11.607
11.649
11.153
11.181
11.091
11.535
12.191
11.768
11.151
11.507
11.614
12.161
11.491
11.609
14.252
14.104
12.473
12.308
11.597
12.434
11.842
11.362
11.308
11.534
11.089
11.864
11.64
11.031
11.714
11.369
11.22
11.616
11.147
11.126
11.435
11.075
11.131
11.658
12.024
11.453
11.112
11.517
11.097
11.633
11.203
11.385
11.174
11.442
11.477
11.489
11.004
11.194
11.339
11.144
11.635
11.414
13.776
13.5
12.714
11.893
11.875
11.382
11.843
11.393
11.41
11.154
11.256
11.288
12.446
12.07
12.267
11.448
11.866
11.338
11.273
11.561
11.573
11.862
11.713
11.642
11.574
11.384
11.334
11.215
12.411
11.607
11.351
11.682
11.221
11.635
11.305
11.135
11.184
11.379
11.321
11.051
11.168
11.038
11.404
11.442
11.516
11.494
11.165
11.519
11.175
11.178
10.947
11.201
11.159
11.195
11.954
11.412
11.712
11.38
13.487
12.014
11.799
11.42
11.387
11.867
11.69
11.966
11.994
12.22
11.796
11.547
11.225
11.889
11.367
11.021
11.223
11.492
11.305
11.57
11.123
11.206
11.127
11.284
11.277
11.43
11.07
11.246
14.259
11.446
11.826
14.474
11.575
11.274
11.248
11.913
11.644
11.449
11.833
11.451
11.178
11.064
11.427
11.951
11.353
11.742
11.185
11.585
11.282
12.484
11.42
11.739
11.698
11.453
12.068
11.202
12.737
11.921
11.66
11.724
11.344
11.387
11.183
11.542
11.636
11.368
11.8
11.253
11.238
11.616
11.477
11.638
11.39
11.626
12.036
11.348
11.297
11.188
11.56
11.725
11.552
11.286
11.402
11.539
11.203
11.08
11.175
11.408
11.194
11.467
11.091
11.235
11.025
11.304
11.031
11.679
12.319
11.61
11.378
11.496
13.633
12.357
12.03
12.048
11.43
11.735
11.086
11.53
11.939
11.718
12.289
11.221
12.515
13.126
11.685
11.261
12.138
11.436
12.092
13.454
11.676
11.29
11.399
11.659
11.48
11.705
11.454
11.467
11.181
11.043
11.29
11.313
11.1
11.685
11.166
11.888
11.274
11.314
11.729
12.246
11.601
12.669
12.143
11.983
11.94
11.881
11.714
11.94
11.875
13.018
12.63
12.058
11.727
11.598
11.753
11.271
11.54
11.325
12.084
11.36
12.08
11.68
11.668
11.15
11.55
11.578
11.472
11.467
11.439
11.344
11.724
11.458
11.312
11.707
12.212
11.553
12.167
11.112
11.639
11.472
11.706
11.56
12.308
11.83
11.381
12.339
12.451
11.512
11.817
11.535
11.492
11.572
11.298
12.078
11.72
11.165
12.465
12.473
11.656
12.108
11.825
13.527
12.259
12.025
12.033
11.698
11.717
11.58
11.312
11.807
12.04
11.772
12.137
11.838
11.49
11.689
11.37
11.702
11.616
12.191
11.238
11.672
11.467
11.853
11.482
12.284
11.789
11.58
11.652
11.229
11.266
11.129
11.527
11.036
11.201
11.111
11.595
11.154
11.112
11.044
11.441
11.261
11.385
11.505
11.25
11.186
10.972
11.651
11.066
11.116
12.073
11.089
11.922
11.094
11.705
10.941
11.543
11.467
11.18
10.926
11.211
12.243
12.546
11.767
11.91
11.481
11.46
11.372
11.975
11.372
11.385
12.092
11.172
11.495
11.206
11.298
11.04
11.427
11.125
11.141
11.516
11.35
12.723
11.609
11.27
11.338
11.596
11.125
11.454
11.452
11.258
11.055
12
14.457
12.084
11.508
11.703
11.111
11.261
11.735
11.549
12.922
11.557
11.627
11.553
11.434
11.689
11.397
11.593
10.957
12.251
11.808
11.73
11.671
11.424
11.329
11.282
11.039
10.9
11.247
11.091
11.129
11.25
10.926
11.434
11.021
11.602
11.139
10.848
10.717
10.778
11.176
11.434
12.036
11.076
11.106
11.368
11.272
11.487
11.687
11.128
11
11.08
11.391
11.071
10.921
10.999
11.026
11.01
11.028
11.088
11.083
11.325
11.225
11.862
11.363
11.166
11.388
11.458
11.01
11.317
12.429
14.74
11.436
10.953
13.851
13.093
12.544
13.19
12.32
12.127
11.563
11.534
11.355
11.948
11.009
10.958
11.026
11.949
11.81
12.094
12.531
11.759
11.344
11.263
11.546
11.276
11.541
11.738
11.666
11.23
11.803
11.425
11.216
11.69
11.26
11.132
12.98
11.77
11.303
12.461
13.773
12.065
11.823
11.211
11.211
11.491
11.354
11.87
11.61
11.365
11.429
12.36
12.014
11.185
11.466
11.154
12.342
11.508
11.402
11.215
11.123
11.29
12.639
11.28
11.423
11.216
12.125
11.771
12.389
11.66
11.677
11.395
11.398
11.631
11.525
11.565
11.593
11.63
11.556
11.101
11.448
11.383
11.048
11.372
10.95
11.007
10.9
11.269
11.281
11.608
11.091
11.089
12.402
11.809
12.306
11.567
12.848
11.355
11.795
11.085
11.181
11.433
11.601
12.123
11.803
11.305
12.137
12.254
13.363
12.02
11.513
11.506
11.504
11.696
10.932
11.114
10.986
11.936
11.128
11.785
12.42
12.426
11.486
11.779
11.578
12.673
11.221
11.174
11.182
11.186
11.33
11.384
11.594
12.259
11.377
11.003
11.516
11.469
11.415
11.685
12.544
12.288
11.751
11.396
11.616
11.952
11.195
11.694
11.433
11.403
11.08
11.475
11.683
11.294
11.125
11.371
11.124
12.812
12.458
12.188
11.387
11.489
11.448
11.144
11.429
11.257
11.631
11.313
11.33
11.25
11.205
10.882
11.185
11.246
11.427
11.177
10.904
13.923
11.266
11.563
11.361
11.529
11.246
10.96
11.447
12.518
11.162
11.249
11.159
11.889
11.362
11.233
11.424
12.417
13.238
12.224
11.484
11.946
11.76
10.953
11.043
11.438
11.639
11.275
11.392
11.155
12.05
11.267
12.73
12.147
12.917
11.217
11.333
11.152
11.243
11.185
11.502
11.406
11.304
11.566
11.306
12.714
11.195
11.487
11.789
11.343
11.183
10.925
12.782
12.795
10.931
11.11
11.229
11.971
11.188
10.919
10.832
11.274
11.317
12.945
12.256
11.667
11.578
11.277
11.868
11.337
11.108
11.144
12.093
11.947
11.082
11.435
11.267
11.283
11.177
10.815
10.997
11.112
11.144
11.613
11.606
11.253
14.739
11.732
11.466
11.901
11.747
12.218
11.617
11.381
11.387
11.132
11.508
11.953
11.324
11.184
11.505
11.167
11.081
11.345
11.129
11.346
11.928
11.91
11.22
11.285
11.295
11.166
11.512
11.004
11.165
11.491
11.943
11.274
11.691
11.181
12.331
12.363
11.445
11.516
11.402
11.01
11.353
11.345
11.487
11.338
11.436
12.068
11.425
11.521
10.854
12.836
11.557
11.478
11.48
11.355
11.445
11.053
11.28
11.74
11.422
12.076
11.254
11.694
11.514
11.892
11.476
11.219
10.978
11.372
11.925
11.657
11.328
11.094
11.619
11.083
11.392
11.189
11.184
11.939
13.091
11.438
11.357
11.54
11.692
11.344
11.298
11.379
13.4
12.125
11.811
12.16
11.427
11.09
10.878
11.19
10.869
11.215
11.182
11.35
11.244
11.757
11.607
12.329
12.245
11.746
11.608
11.36
11.189
11.724
11.877
11.555
11.381
11.436
11.767
11.873
11.54
11.605
12.843
11.668
11.791
11.933
11.549
12.688
11.744
11.145
11.211
11.223
12.027
11.141
11.058
10.961
11.036
11.686
10.982
11.185
11.117
11.183
11.134
11.145
10.928
11.159
11.339
11.932
11.227
11.394
11.146
11.271
10.813
11.384
11.521
11.086
11.132
11.082
10.92
11.109
11.462
11.424
11.278
11.168
11.358
11.309
11.333
11.386
11.604
11.123
11.415
11.168
11.38
11.244
11.197
11.608
11.393
11.384
11.311
12.938
11.809
11.218
11.87
12.342
12.554
12.319
11.342
11.128
11.405
11.95
11.969
11.077
11.05
10.985
10.933
11.555
11.719
11.968
12.486
11.607
11.53
11.082
12.327
12.825
12.196
11.866
12.043
11.144
12.664
11.323
11.73
11.226
11.595
11.561
12.104
14.364
11.59
11.788
12.291
11.622
12.045
11.71
13.178
13.365
11.717
11.086
11.289
11.315
11.657
11.403
11.313
11.845
12.094
12.229
12.525
11.819
11.172
11.393
11.912
11.538
11.188
11.562
11.359
11.405
11.45
12.294
11.004
11.697
11.689
11.407
11.21
11.045
11.949
12.35
13.075
13.47
13.457
12.809
12.037
11.551
11.475
11.225
12.363
12.016
11.783
11.198
11.652
11.264
11.259
11.414
11.13
11.047
11.014
10.846
10.846
11.196
12.576
12.594
11.064
11.597
11.227
11.276
11.226
12.172
12.317
12.949
12.312
11.82
11.486
12.388
12.481
12.028
11.423
11.266
11.31
12.368
11.542
12.423
11.226
11.559
11.812
11.852
11.441
11.545
11.539
11.177
11.354
11.003
10.921
11.438
11.708
11.699
11.146
10.976
11.01
11.241
11.401
11.411
11.877
13.131
11.342
11.189
11.491
12.108
11.548
12.253
12.012
13.196
11.467
11.625
11.313
11.445
11.256
11.396
12.814
11.509
12.051
11.849
11.616
11.566
11.275
10.878
11.356
11.317
11.056
11.114
11.2
13.856
12.052
11.676
12.301
11.699
11.297
11.379
11.186
11.401
11.268
11.511
11.492
11.501
11.309
11.327
11.356
11.269
11.356
11.322
11.369
11.651
11.211
11.181
11.28
11.193
11.43
11.837
11.253
11.43
11.414
13.706
12.205
12.289
11.278
11.408
12.15
11.856
12.992
12.47
12.235
12.535
12.742
12.03
11.417
11.517
11.58
11.478
12.287
11.413
11.224
11.61
11.312
11.138
11.039
12.627
11.146
11.379
11.466
11.072
11.313
11.332
11.448
11.233
11.249
11.174
11.303
11.439
11.482
11.35
11.256
11.306
11.555
12.335
11.927
11.878
11.702
11.703
11.282
11.207
11.648
11.247
11.364
11.415
11.254
10.988
15.68
11.427
11.422
11.294
11.406
12.662
11.589
11.875
11.997
11.152
10.964
11.289
11.213
11.558
11.258
11.121
11.114
11.125
11.734
11.088
11.566
11.195
11.19
11.642
10.887
11.13
11.436
11.413
11.191
10.941
12.16
11.096
11.79
11.676
11.627
11.367
11.299
11.695
11.335
11.343
11.206
11.387
12.034
11.835
11.517
11.252
11.582
11.484
11.034
11.421
11.341
11.925
12.596
11.993
11.523
11.496
11.688
12.129
11.716
11.717
11.59
11.515
11.319
11.198
10.918
11.498
11.914
11.553
11.259
11.357
11.397
11.343
12.087
12.311
14.524
12.844
11.151
10.973
11.396
11.153
11.34
11.145
10.847
11.239
10.924
11.012
12.987
11.153
11.44
10.916
10.946
10.888
11.02
10.97
11.036
11.353
11.054
11.171
11.465
11.491
11.291
11.448
11.185
11.464
11.517
11.236
11.226
11.264
11.217
11.871
11.57
11.719
11.501
11.56
11.336
11.94
11.875
11.131
11.103
11.371
12.631
12.77
11.744
12.136
12.484
11.653
11.426
11.198
11.182
11.562
11.561
10.695
12.129
10.966
11.741
12.72
11.584
11.327
11.131
11.273
11.018
11.338
11.081
11.439
12.294
12.397
11.219
11.331
11.482
11.361
11.622
12.812
12.61
12.191
11.732
11.774
11.224
11.435
11.673
11.112
11.465
11.836
11.455
11.517
11.331
10.997
11.087
11.338
11.312
11.168
11.099
11.279
14.106
11.75
11.554
12.256
12.211
11.353
11.276
10.881
11.275
11.149
11.116
11.523
11.35
11.279
11.091
11.233
11.176
11.067
11.055
11.165
10.974
11.079
11.033
11.131
11.25
10.86
11.128
10.671
10.919
10.776
12.249
10.848
10.687
11.095
11.094
11.347
11.404
11.869
12.125
11.643
11.993
11.582
11.599
11.531
11.989
12.772
11.692
11.513
12.013
11.525
11.455
11.168
11.134
11.067
11.143
11.976
10.894
11.559
11.219
10.952
11.068
10.932
11.665
11.172
11.408
11.344
11.304
11.377
11.539
11.317
11.771
10.955
11.24
11.63
11.228
11.14
11.273
11.303
12.14
12.399
12.888
12.633
11.746
11.567
11.536
11.619
12.363
11.543
12.211
11.877
12.848
12.581
12.416
12.628
11.683
11.736
11.451
11.869
11.36
11.442
12.16
10.916
12.359
11.71
11.518
11.206
11.78
11.296
11.058
11.175
11.093
11.041
10.997
11.201
10.928
11.504
12.705
11.094
11.099
11.108
11.574
11.065
11.358
11.518
10.734
12.547
11.916
11.982
11.826
11.226
11.407
12.095
11.72
11.283
11.243
11.148
11.79
11.119
11.077
11.376
11.166
11.348
11.056
12.125
12.671
13.417
11.838
11.018
11.495
11.742
11.442
11.225
10.976
11.848
11.568
11.618
11.358
11.623
11.544
10.89
10.841
10.962
11.094
11.159
11.23
10.843
11.245
11.219
11.196
11.155
10.837
11.055
14.097
11.397
11.653
11.404
11.785
12.075
12.038
14.272
13.419
11.578
11.575
11.607
11.552
11.325
11.283
11.568
11.322
11.062
11.258
11.093
11.194
11.311
12.096
11.094
11.887
12.27
11.623
11.952
11.188
12.263
11.1
11.428
11.564
11.698
11.258
13.954
12.35
11.882
10.958
12.151
13.327
13.651
11.45
11.929
11.358
11.64
12.025
11.204
11.262
11.334
11.363
11.921
11.012
11.308
10.875
12.365
11.253
11.497
11.016
11.759
12.3
12.292
12.263
11.306
11.247
10.964
11.286
11.327
11.314
11.29
11.522
11.773
12.078
13.58
11.931
12.281
12.227
12.33
12.136
11.57
11.181
11.255
11.115
11.37
12.488
12.06
11.524
11.842
11.526
11.561
11.29
11.197
11.203
11.11
11.396
11.474
11.638
11.381
11.266
11.472
11.485
12.284
11.016
11.391
11.863
11.919
12.462
13.323
12.435
11.935
11.523
11.186
12.459
11.696
11.872
11.502
11.296
11.888
11.356
11.001
11.665
11.557
11.333
11.917
11.516
12.615
11.847
14.849
14.038
12.217
12.648
11.496
11.072
11.493
11.414
11.9
12.804
13.176
12.323
13.294
12.599
12.951
12.042
12.064
11.733
11.498
11.492
11.607
11.064
11.758
11.425
11.089
11.303
11.211
12.045
11.363
11.071
11.084
11.592
11.079
11.161
12.467
12.045
11.735
12.063
11.456
11.331
11.59
14.845
11.907
11.549
11.232
11.202
12.132
11.619
12.418
11.397
11.7
11.664
11.904
11.364
11.56
11.3
11.078
11.728
11.295
11.853
11.744
12.082
11.384
11.283
11.131
11.266
11.271
11.276
11.102
11.314
12.122
11.77
11.544
11.443
11.372
11.047
11.211
10.863
11.429
11.542
11.677
13.699
13.174
11.609
11.436
12.219
11.772
12.072
11.688
11.717
11.366
11.248
11.331
11.348
11.434
11.245
12.268
12.017
11.51
14.273
12.167
11.935
11.396
11.429
11.724
11.619
11.804
11.559
11.741
11.64
11.441
12.053
11.468
11.543
11.941
12.247
11.971
11.665
11.786
11.501
11.132
11.19
11.51
11.025
10.982
13.745
11.677
11.416
11.65
11.411
11.513
11.408
11.518
11.637
11.217
11.431
11.387
11.306
11.521
11.365
11.201
11.201
11.244
11.112
11.338
11.057
11.188
11.248
12.703
11.473
12.054
12.007
11.269
11.327
11.512
12.342
11.954
11.673
11.429
11.384
11.357
11.419
11.419
12.265
11.694
11.869
11.68
12.19
11.838
11.645
11.519
11.27
11.682
12.038
11.836
11.561
11.577
11.443
11.333
11.416
11.764
13.187
12.67
11.723
11.493
11.364
11.255
11.099
11.411
11.252
11.334
11.642
12.21
12.146
11.289
11.475
11.286
11.164
11.146
11.869
12.003
11.688
11.444
11.33
11.369
11.475
11.037
11.321
11.034
11.573
14.219
11.604
11.576
11.673
13.004
11.685
11.26
11.002
11.674
11.137
11.025
11.248
11.525
11.168
11.215
11.472
10.986
11.267
11.321
11.09
11.1
11.285
11.191
11.309
11.218
11.187
11.283
11.541
11.125
11.434
11.574
11.441
11.965
11.669
12.031
11.679
11.314
11.049
11.255
11.485
11.002
11.187
11.434
11.366
10.921
11.533
11.177
11.174
11.647
11.026
11.603
12.054
12.1
11.971
11.603
11.246
12.326
11.672
11.553
11.822
11.322
11.925
11.356
11.215
11.268
11.166
11.251
11.671
11.548
11.412
11.981
11.995
11.551
11.567
11.32
11.169
11.191
11.277
12.694
11.038
11.056
11.217
11.61
11.907
11.595
11.683
14.622
12.067
11.431
11.519
11.675
11.199
11
11.243
11.151
11.052
11.187
11.04
11.087
11.253
11.121
11.065
11.33
11.196
11.457
11.177
11.355
11.268
11.103
11.189
11.746
11.932
11.551
12.087
12.15
12.638
13.099
13.406
12.054
11.853
12.238
13.141
12.435
12.332
12.413
13.508
12.138
12.284
12.311
12.436
12.144
12.415
12.286
12.181
12.257
11.933
11.896
12.35
13.263
11.947
11.519
11.313
11.532
11.353
11.426
11.283
11.671
11.556
11.214
11.078
11.505
11.428
11.502
11.31
11.288
11.201
11.706
11.794
11.879
11.315
11.809
11.263
11.732
11.153
11.11
11.28
11.422
11.257
11.064
11.244
11.395
13.074
13.473
12.866
12.759
12.551
12.378
12.235
11.836
12.05
12.197
11.728
12.586
12.029
11.18
11.508
11.169
11.57
11.994
11.639
11.413
11.442
11.489
11.861
12.356
11.814
12.453
12.285
12.098
12.275
14.235
12.138
12.268
11.895
12.315
12.021
12.782
11.904
11.779
11.939
11.717
11.538
11.936
11.867
12.201
12.355
12.663
11.725
11.53
11.313
11.546
11.591
12.37
13.211
12.467
11.999
11.36
11.625
11.148
11.19
11.105
11.377
11.959
12.539
11.03
11.588
11.257
11.578
11.363
11.388
11.491
11.542
11.072
11.089
11.222
11.031
11.416
11.356
11.505
10.914
12.024
11.164
10.906
11.433
13.718
11.926
11.54
12.276
11.384
11.859
11.554
11.666
11.679
11.518
11.362
11.481
11.883
11.087
11.681
11.047
12.196
12.692
11.802
12.447
13.883
11.981
11.76
11.49
11.247
11.263
11.242
11.158
11.384
12.049
12.159
11.325
11.276
11.4
11.424
10.845
11.316
11.165
11.532
11.534
11.94
11.557
11.116
11.792
11.26
11.56
11.33
11.346
11.32
11.482
11.545
10.957
11.257
11.355
11.417
11.999
12.802
13.784
11.649
11.911
11.485
11.272
11.384
11.651
11.248
11.548
11.968
11.143
11.208
11.379
11.67
11.487
11.108
11.64
11.404
11.331
11.222
11.118
11.081
11.649
11.162
11.73
11.319
11.69
12.528
14.727
11.673
11.838
12.257
12.083
11.713
11.35
11.283
11.031
11.059
11.126
10.968
11.855
11.308
11.076
11.041
11.074
12.008
11.131
11.277
11.263
11.72
11.516
11.913
11.668
11.28
10.849
11.186
11.245
11.369
11.576
13.826
11.841
11.605
11.348
11.276
11.154
11.432
11.548
11.404
11.288
11.587
11.76
11.143
11.149
11.021
11.438
11.864
11.379
11.084
11.027
11.166
10.984
11.194
11.295
11.91
11.6
11.513
11.136
11.75
12.528
12.031
11.732
11.413
12.085
11.548
11.614
11.633
11.445
11.745
11.172
11.429
11.994
11.336
11.053
11.503
11.182
11.081
11.257
10.963
11.941
11.057
11.369
12.486
10.871
11.282
12.476
12.25
12.007
12.628
11.802
11.478
11.247
11.138
11.101
11.132
11.337
11.242
11.002
11.465
11.132
11.032
11.145
12.246
11.438
11.633
11.208
10.859
10.966
11.3
11.191
11.081
10.811
11.537
11.401
11.162
11.359
11.918
11.545
11.222
11.131
11.111
11.211
11.71
11.311
11.524
10.981
11.558
11.078
11.251
11.745
11.529
12.638
12.362
11.828
11.548
11.404
11.398
11.631
12.666
11.642
11.641
11.273
11.45
11.38
11.837
12.302
11.457
12.715
12.215
11.961
11.787
12.382
11.528
11.308
11.369
11.566
12.415
11.914
11.34
11.135
11.303
11.138
11.245
11.68
10.886
11.454
12.003
11.11
11.01
11.211
13.14
11.863
11.456
11.229
11.296
11.204
11.225
11.486
11.077
11.396
11.353
11.51
11.662
12.141
11.738
11.412
11.347
11.261
11.664
13.199
12.417
12.682
11.217
12.048
12.023
11.269
11.348
11.9
11.595
11.489
11.86
13.533
12.266
11.771
11.68
11.683
11.318
11.288
11.076
11.108
11.102
12.774
11.896
11.39
11.419
11.182
10.864
11.615
11.166
11.128
11.351
11.888
11.425
11.036
11.236
11.912
11.06
11.36
11.13
11.64
12.573
12.847
12.281
11.815
12.432
14.022
12.309
12.51
11.618
12.176
11.44
12.218
14.113
13.597
12.12
11.358
12.193
12.047
11.433
11.717
11.075
11.952
11.824
11.233
13.564
12.553
11.593
11.998
11.806
12.032
11.236
11.611
11.978
11.599
11.17
11.657
11.347
11.91
11.561
11.473
11.428
11.437
11.463
10.978
11.25
11.869
11.029
11.31
11.461
11.396
11.071
11.038
10.966
11.069
11.049
12.754
11.638
10.82
11.039
11.188
11.784
11.608
11.989
11.431
11.413
11.542
11.896
11.352
11.549
11.172
11.174
11.053
11.38
11.344
11.986
12.355
11.287
11.192
11.006
11.376
11.05
11.231
12.31
11.183
11.694
11.237
11.159
12.376
11.618
11.626
11.567
12.969
13.393
11.899
11.715
11.492
12.229
11.079
11.221
11.891
13.358
12.728
11.861
11.555
11.786
11.061
11.419
11.885
11.454
13.532
11.574
11.939
11.529
11.888
11.81
11.409
11.991
11.764
11.429
11.449
11.177
11.008
11.163
11.749
11.326
11.291
11.479
11.527
11.387
11.404
11.183
11.443
11.18
11.223
11.33
11.483
11.389
11.217
11.218
11.031
11.261
12.324
11.929
11.706
11.417
11.296
11.215
11.327
11.941
11.051
11.16
11.596
12.666
11.627
11.755
11.452
11.046
11.168
11.016
11.187
11.513
12.083
11.321
12.537
11.294
11.781
11.527
11.463
11.224
11.631
12.505
11.741
11.38
11.45
11.743
11.745
11.736
12.296
13.38
12.371
11.858
11.528
11.553
11.387
11.122
11.234
12.083
12.962
11.501
11.018
11.194
11.613
11.984
12.462
12.161
13.398
13.019
12.419
11.786
11.628
12.245
12.774
12.501
12.231
11.787
11.796
11.485
11.453
11.35
11.367
11.463
11.135
11.558
12.672
13.127
13.339
11.575
11.652
11.136
11.35
11.074
11.407
11.749
11.355
11.094
12.711
11.598
11.398
11.353
11.429
11.41
11.367
11.474
11.33
11.111
11.482
11.651
11.614
12.072
12.103
11.568
11.732
11.217
11.013
10.882
11.022
10.72
11.195
11.171
11.893
11.192
11.111
11.524
11.335
11.247
11.306
11.489
11.987
11.889
11.856
11.933
12.661
11.461
11.256
11.272
15.093
12.706
12.616
12.061
11.569
11.409
11.253
11.584
11.507
11.96
11.64
11.496
11.693
11.092
14.972
11.726
11.738
11.684
12.45
11.51
11.699
11.482
11.444
11.391
11.465
11.513
11.213
11.191
11.264
11.307
11.556
11.332
11.247
11.35
12.007
12.963
11.991
12.056
12.069
11.763
12.014
11.472
11.446
11.833
11.436
11.325
11.575
11.884
12.306
12.017
11.919
11.43
12.572
11.414
11.83
12.313
12.162
12.258
11.909
11.302
11.496
11.63
12.218
11.367
11.288
11.205
11.322
11.483
11.842
11.752
11.286
11.756
11.521
11.461
11.182
11.056
11.41
11.399
11.196
11.335
11.433
11.595
11.133
11.576
11.292
11.552
12.162
12.269
12.3
11.797
11.154
11.8
11.656
11.749
11.039
11.404
11.327
11.201
11.27
13.503
12.3
12.157
11.584
11.848
11.968
11.51
11.193
11.295
11.184
12.055
11.5
11.325
11.393
12.706
11.402
11.233
11.403
11.297
11.536
11.414
11.887
11.693
11.402
11.045
11.173
11.236
11.019
11.493
11.267
11.426
11.668
11.787
11.519
11.231
15.318
12.776
13.679
12.06
12.158
11.184
11.822
11.85
13.515
11.3
11.243
11.17
11.125
11.593
11.222
11.493
11.773
11.227
11.334
11.605
11.618
11.466
11.567
11.137
11.559
11.509
11.016
11.483
11.266
10.968
12.177
12.537
11.804
11.29
11.334
11.157
11.088
11.377
11.917
12.169
12.498
12.692
12.482
12.488
12.093
11.701
11.397
11.679
11.737
13.672
12.141
11.687
11.543
12.809
11.776
11.373
11.127
12.123
11.172
11.087
11.641
10.852
11.043
12.005
12.087
12.399
13.342
11.998
11.714
12.439
12.139
12.079
12.167
12.201
12.725
12.335
12.45
12.482
12.119
12.804
12.639
12.811
12.179
12.256
12.448
12.47
12.102
11.902
12.462
12.314
11.576
11.754
11.508
11.262
11.742
10.901
11.912
11.241
12.109
11.483
11.121
11.667
12.709
11.839
12.11
11.492
11.466
11.85
11.636
11.738
11.37
11.863
11.636
12.102
11.796
11.812
11.408
11.368
11.537
11.412
11.214
11.291
11.176
11.738
11.317
11.82
11.444
11.581
11.744
11.757
13.355
11.372
15.855
11.592
11.639
11.622
11.434
11.919
11.89
11.814
11.66
11.62
11.747
11.292
11.388
11.128
11.193
11.686
11.43
11.345
11.903
11.914
12.617
12.664
11.817
11.577
11.797
11.649
11.846
11.528
11.448
11.449
12.243
11.989
12.168
11.683
11.442
11.781
11.487
13.123
11.338
11.36
12.241
11.784
11.966
12.128
11.289
12.053
11.278
11.202
11.596
11.772
11.218
11.743
11.926
12.136
11.766
11.36
11.565
11.75
12.727
12.611
11.941
11.753
12.217
11.527
11.544
12.453
11.713
11.32
12.889
12.803
13.451
12.804
11.851
11.707
11.46
11.449
11.659
11.461
12.309
12.94
11.387
11.405
12.759
12.44
11.677
12.417
11.739
11.586
11.798
11.911
11.638
11.403
11.486
12.271
12.035
11.463
10.952
11.315
11.466
11.279
11.163
11.137
11.452
11.4
11.377
11.135
11.49
11.234
11.697
11.164
11.292
11.15
10.992
11.779
11.948
11.654
12.441
11.359
11.94
12.024
12.433
11.814
11.394
11.481
11.496
12.402
11.743
11.44
11.687
11.232
11.172
11.881
11.854
11.351
11.444
11.55
11.921
12.12
11.467
11.944
11.436
11.96
11.915
11.609
11.463
11.335
11.3
11.175
11.848
11.35
11.388
11.423
11.371
11.375
11.926
11.47
11.474
11.833
11.334
11.442
11.833
11.83
10.891
11.34
11.639
11.871
17.493
12.597
12.382
12.571
13.78
12.4
11.83
11.222
11.535
11.382
11.495
11.354
11.274
11.193
11.51
11.404
11.454
11.34
10.997
10.956
11.431
11.605
11.894
11.084
11.3
11.172
10.998
11.553
11.151
10.99
10.826
13.378
11.719
11.777
12.243
11.15
11.684
11.298
11.188
10.908
11.362
11.177
11.481
11.081
11.015
11.525
11.176
11.028
11.011
11.142
10.959
11.584
11.237
11.078
13.592
11.524
12.377
11.756
11.385
11.173
11.128
11.168
11.172
11.277
11.199
10.946
11.561
11.334
11.55
11.108
11.501
11.346
11.294
11.708
11.739
11.515
11.385
11.343
11.021
12.188
11.24
11.411
11.235
11.154
11.285
14.128
13.051
11.852
11.523
11.557
11.189
11.271
11.235
11.521
11.206
11.696
11.65
11.33
11.343
11.093
11.011
11.168
11.4
11.547
13.058
12.613
12.934
11.492
12.526
12.279
11.827
11.46
11.626
11.43
11.328
11.21
12.037
11.29
11.587
11.293
11.678
11.485
11.413
11.313
11.167
11.182
11.068
11.759
11.794
14.78
11.364
11.831
11.633
11.814
11.546
11.713
11.907
11.701
11.207
11.389
11.124
11.257
11.508
11.147
11.776
11.658
11.772
11.509
11.425
11.296
11.25
11.725
11.377
11.905
12.08
12.962
12.714
12.153
12.11
11.794
11.522
12.034
12.621
11.92
11.805
11.579
11.717
11.974
14.009
11.651
11.415
12.436
11.952
12.332
12.163
11.397
11.492
11.913
11.768
11.684
11.485
11.481
11.527
11.478
11.391
11.325
11.108
11.793
11.174
11.204
11.362
11.339
11.147
11.192
11.775
11.476
11.427
11.996
11.076
11.103
12.904
11.406
12.001
11.742
13.804
12.18
13.353
11.472
12.259
11.98
11.803
11.772
12.067
11.423
11.466
11.493
11.468
11.561
11.22
11.254
11.888
11.277
11.378
11.36
11.182
11.833
11.391
11.255
11.261
11.884
11.261
11.683
11.323
11.378
12.059
11.189
11.593
11.619
11.621
11.497
11.525
11.693
12.087
12.174
11.823
12.171
11.963
11.452
11.719
11.332
11.173
11.168
13.477
11.601
11.754
11.83
12.783
13.991
14.564
11.74
12.553
13.104
12.968
12.101
11.68
11.692
11.375
11.575
11.511
11.07
11.314
11.242
11.358
11.188
11.389
11.306
11.589
11.246
11.074
11.83
12.116
12.147
11.766
12.037
11.765
11.945
11.922
11.505
11.597
11.544
10.992
10.941
11.489
11.46
11.326
11.606
11.366
11.92
11.384
11.35
11.354
11.942
11.732
12.023
12.792
14.26
13.4
11.404
12.608
12.193
11.985
11.671
11.452
11.531
11.532
11.566
12.177
12.388
11.793
11.46
11.579
11.269
11.522
11.442
12.265
11.838
11.542
11.566
11.574
11.785
11.755
11.837
11.959
11.739
15.478
12.016
11.466
11.632
11.664
11.696
11.364
12.387
12.088
12.048
11.504
11.636
11.738
11.647
11.928
11.888
12.303
11.709
11.636
11.644
11.648
12.565
13.69
11.904
11.344
11.584
11.782
11.514
11.348
11.298
11.496
12.948
12.002
11.667
11.372
11.432
11.562
11.389
11.705
11.275
11.265
11.394
11.266
12.04
13.134
12.031
11.342
11.358
11.877
11.297
11.495
11.347
12.059
13.747
12.772
13.024
13.037
12.085
12.316
11.819
11.581
11.351
11.737
11.66
11.75
12.396
12.019
11.617
12.493
12.062
12.398
11.738
12.945
12.348
12.145
11.811
12.056
11.709
11.763
11.38
11.762
12.458
12.611
11.973
12.073
12.024
12.238
11.614
11.845
12.088
11.804
11.43
12.392
12.377
12.961
12.017
12.402
12.017
12.017
11.911
11.429
12.822
11.764
12.575
12.235
12.831
13.064
11.446
12.149
12.009
11.263
11.362
11.45
13.933
12.077
12.689
11.609
12.147
12.805
12.516
12.332
12.751
12.071
11.759
12.252
11.777
12.102
11.692
11.717
12.729
11.875
11.388
11.287
11.538
12.119
13.478
13.588
13.357
13.229
13.238
13.191
12.779
11.85
11.533
11.911
12.448
11.749
11.683
11.556
11.265
11.354
11.408
11.502
11.65
11.976
11.638
11.502
11.654
11.583
11.716
11.529
11.886
11.606
14.133
11.84
11.884
11.908
12.226
11.742
13.481
14.186
12.658
12.189
11.833
12.038
12.998
11.918
11.928
11.971
11.602
11.53
11.369
11.743
11.62
11.559
11.494
11.336
11.611
11.417
11.583
11.764
12.025
11.37
11.526
12.421
11.426
11.613
11.448
11.447
11.447
11.399
11.501
11.509
11.61
11.773
11.312
11.662
11.196
11.118
11.324
11.739
12.082
11.356
11.496
11.567
11.482
11.124
13.08
11.14
12.189
12.223
12.079
12.066
11.848
11.951
12.075
11.433
11.389
11.556
12.029
11.229
11.469
11.531
11.983
11.334
11.247
12.061
11.525
11.752
11.321
11.427
11.839
12.286
11.651
11.548
11.267
13.05
11.901
11.499
11.257
11.638
12.265
11.281
11.162
11.134
11.169
11.138
11.076
11.266
12.123
11.183
12.006
11.932
11.558
11.244
11.211
11.626
11.67
12.37
12.542
13.029
11.887
12.196
11.621
11.613
11.71
11.817
11.479
11.797
11.413
11.256
11.537
11.149
11.357
11.571
11.429
11.601
11.14
11.272
11.3
11.218
11.516
11.521
11.234
11.351
11.378
11.199
11.295
11.092
11.298
11.206
11.447
11.239
11.371
11.47
11.299
11.235
11.516
11.16
11.602
11.551
11.499
11.282
11.421
11.329
11.13
12.07
11.061
11.43
12.705
12.102
11.667
11.48
11.457
11.234
11.877
11.267
11.347
11.454
11.417
11.462
14.49
11.56
11.608
11.584
11.891
11.083
11.537
11.121
11.365
11.221
11.481
11.203
11.128
11.239
11.016
11.503
11.269
11.568
12.288
11.974
11.747
11.686
11.847
11.531
11.187
11.255
11.517
11.76
11.52
11.354
11.021
11.378
12.375
11.692
11.677
11.51
11.81
11.979
13.477
12.493
11.904
11.925
11.65
11.27
11.301
11.822
11.654
11.571
11.436
11.12
11.674
11.748
11.343
11.062
11.331
11.408
11.473
11.348
11.588
11.223
11.143
11.129
10.9
11.289
11.286
11.772
11.738
11.283
11.952
12.663
11.322
11.122
11.136
11.107
11.499
11.448
11.188
11.244
11.09
11.15
11.14
11.383
11.613
11.36
12.66
12.058
12.053
11.392
11.847
12.139
11.379
11.644
11.11
11.02
11.068
11.246
11.25
11.267
11.277
11.413
11.253
11.302
11.115
11.302
11.755
12.101
12.587
11.468
12.262
11.714
11.385
12.062
11.443
12.363
11.001
11.096
11.924
12.13
11.352
10.764
11.176
11.118
11.227
11.197
11.144
11.102
11.233
11.413
11.198
11.561
11.421
11.778
11.254
11.21
11.165
11.284
11.443
11.09
11.519
12.562
13.691
11.674
11.74
11.602
11.494
11.745
11.452
11.493
11.243
11.095
11.417
12.118
12.206
11.265
11.29
11
11.215
11.083
11.124
11.473
11.334
11.485
10.982
11.381
10.969
11.574
11.158
11.24
11.053
14.955
12.098
11.555
11.289
12.241
12.053
11.3
11.72
12.317
12.277
12.342
11.037
11.298
11.46
11.191
11.982
11.252
12.767
12.102
11.84
11.69
12.032
11.643
13.424
12.319
11.485
12.344
11.562
11.738
11.491
11.209
11.618
12.173
11.597
11.683
11.9
11.345
11.322
11.493
11.226
11.225
11.241
11.868
11.648
11.796
11.232
11.776
10.992
11.352
11.178
11.858
11.954
11.762
11.251
11.228
11.607
11.377
11.168
11.293
11.468
11.359
12.204
11.724
11.581
11.469
11.286
12.1
11.649
11.599
11.977
13.188
12.901
12.332
11.725
11.594
11.742
11.497
11.293
10.848
11.013
11.771
11.139
10.951
11.313
14.383
11.42
11.854
11.218
11.323
11.099
11.541
11.068
11.632
11.373
11.43
11.168
11.39
11.148
11.043
11.209
11.123
11.268
11.183
11.121
11.417
11.243
11.186
11.474
11.578
12.184
11.472
11.291
11.426
11.625
11.373
11.472
12.1
11.573
11.171
11.47
12.046
11.879
12.524
12.086
11.868
11.5
11.652
11.908
11.702
11.55
11.485
11.503
11.086
11.39
11.38
11.48
11.378
11.73
11.578
11.478
11.316
11.491
11.672
11.94
11.408
11.229
11.298
11.344
11.063
11.471
11.713
11.544
11.383
11.257
11.237
11.233
12.369
12.304
12.004
11.676
11.75
10.938
11.387
11.348
11.11
11.286
11.768
11.546
11.576
15.319
12.506
12.7
12.762
13.054
12.139
11.583
11.532
11.65
11.685
13.509
11.816
11.342
12.291
11.101
11.284
11.644
11.596
11.557
12.996
11.697
11.319
11.131
11.162
11.385
11.343
12.932
11.381
11.342
11.576
11.75
12.876
11.236
11.656
11.319
11.078
11.169
11.475
11.161
11.309
11.105
11.787
11.316
11.989
11.397
11.508
11.44
11.547
10.964
11.395
11.114
10.972
11.008
11.556
11.705
12.538
11.72
11.874
11.574
11.513
11.28
11.471
11.538
11.432
11.395
11.466
12.019
11.495
11.907
11.733
11.025
12.089
11.128
11.738
11.524
11.428
11.498
11.465
11.169
11.709
11.761
11.314
11.345
11.17
14.759
11.76
11.409
11.669
11.734
11.735
12.162
11.256
11.093
11.236
11.372
11.158
11.372
11.074
10.9
12.177
11.942
12.192
11.816
11.448
11.833
11.825
12.271
11.702
11.904
11.751
11.082
11.337
11.347
12.736
12.154
11.839
12.928
11.944
11.319
10.997
11.008
11.038
11.086
10.887
10.891
10.87
11.653
11.471
11.224
10.855
11.067
11.602
11.237
11.157
10.822
11.361
10.961
11.098
11.741
11.083
11.084
10.938
11.579
13.246
13.599
12.104
12.371
12.341
11.698
11.261
11.077
11.756
12.26
13.146
13.059
11.901
11.639
12.643
11.448
11.198
11.31
11.481
11.415
11.273
11.15
11.569
11.271
11.191
11.095
14.081
11.288
11.53
11.204
11.281
11.288
12.155
11.6
11.237
11.122
11.334
11.229
11.404
11.168
11.034
11.434
11.137
11.243
11.168
11.307
11.015
11.547
11.237
11.498
11.284
11.399
11.325
11.301
11.246
11.337
11.521
11.459
13.292
14.061
12.499
12.195
11.537
11.527
11.51
11.608
11.346
11.282
11.518
11.507
11.963
11.253
11.006
11.27
11.296
11.23
11.418
11.127
11.132
11.614
11.232
11.32
11.057
11.503
11.49
11.494
11.304
11.59
11.405
11.24
11.761
11.135
11.398
11.471
11.496
11.069
11.203
11.379
11.115
11.221
11.362
11.389
11.24
11.089
11.113
11.088
11.679
11.444
11.84
11.467
11.142
11.51
13.77
11.406
11.405
12.322
11.912
12.624
11.482
11.534
11.567
11.4
11.512
11.266
11.464
11.227
10.967
11.321
12.04
11.528
11.05
11.196
11.371
11.645
11.327
11.122
11.598
11.132
11.675
11.188
11.376
11.331
11.5
11.17
11.102
12.45
11.74
12.583
12.151
13.2
11.609
11.293
11.348
11.166
11.401
11.488
12.77
11.591
13.032
12.073
11.473
11.716
11.628
11.218
11.208
11.317
12.177
12.488
14.879
12.155
12.285
11.858
11.657
11.245
11.273
11.736
11.362
11.441
11.579
11.984
11.279
11.713
11.4
12.12
11.529
11.671
11.616
11.253
11.217
11.328
12.082
11.696
11.565
11.551
11.466
11.148
11.068
13.248
11.464
11.252
11.787
11.609
11.38
11.604
11.172
11.538
11.531
11.42
11.536
11.442
11.723
11.348
11.135
11.29
11.205
11.334
11.088
11.607
12.488
13.53
11.629
11.502
11.325
12.05
11.551
11.678
11.398
11.801
11.623
12.385
11.459
11.25
11.331
11.954
12.345
11.443
11.848
11.513
12.162
12.04
11.485
11.36
11.132
11.203
11.548
11.158
11.215
11.183
11.424
11.068
11.305
11.407
11.176
11.429
11.438
11.188
11.715
12.75
12.713
12.315
11.709
11.652
11.438
11.588
11.519
11.156
11.206
11.718
12.591
11.769
12.715
12.114
11.516
11.428
11.139
11.327
11.867
11.725
11.258
11.849
11.657
14.044
12.005
11.659
11.32
11.802
11.177
11.546
11.662
11.365
11.227
11.696
11.759
11.384
11.212
11.452
11.339
11.086
11.055
11.061
10.947
11.043
10.993
11.341
11.047
11.164
11.417
11.194
10.89
11.301
10.953
11.447
11.044
11.377
11.434
13.148
11.262
11.469
11.043
11.364
12.415
12.71
12.398
11.742
11.877
11.497
11.243
11.459
11.118
11.072
11.012
11.06
11.252
11.92
11.221
11.182
10.668
10.948
11.047
11.314
11.009
11.68
11.377
11.6
11.548
11.416
11.583
11.073
11.654
12.267
11.586
11.106
11.54
11.065
11.3
11.316
10.95
12.044
13.37
11.987
11.506
11.358
11.201
11.387
11.197
11.264
10.89
10.96
13.498
11.596
11.24
11.456
11.725
12.362
11.952
11.247
11.353
11.135
11.162
11.627
11.818
11.341
11.448
11.269
11.445
11.1
11.136
11.231
11.071
11.042
10.979
11.515
11.074
11.466
11.427
11.488
12.385
11.482
10.956
11.052
11.673
12.515
11.565
11.985
11.663
11.092
11.086
11.388
11.191
11.238
11.948
12.064
13.526
11.614
11.207
11.792
12.352
11.694
11.147
10.84
10.959
11.169
11.015
11.799
11.235
12.256
11.62
11.405
11.447
11.201
11.149
11.471
11.123
11.311
11.54
11.592
12.033
11.348
11.577
11.87
12.043
11.554
11.337
11.15
11.776
11.341
11.191
11.68
11.123
11.453
11.39
11.731
10.886
13.036
13.49
11.458
11.301
11.902
12.165
12.358
11.672
11.475
11.328
11.355
11.269
11.511
12.119
11.309
11.486
11.278
11.612
11.39
11.327
11.288
11.363
12.063
11.568
11.77
11.359
11.543
11.54
11.6
11.633
12.053
11.343
11.376
11.226
13.287
11.518
11.358
11.882
11.957
11.386
11.074
11.011
11.013
11.496
12.451
11.996
11.73
11.228
11.638
12.083
11.64
11.735
11.024
11.281
11.115
11.391
11.723
11.242
10.851
11.586
11.335
11.213
11.186
10.99
11.425
11.209
11.496
11.765
11.65
11.522
11.615
11.44
11.305
12.068
12.638
12.057
11.743
11.457
11.426
11.374
11.237
11.105
11.579
11.675
11.235
11.327
14.352
11.448
11.374
11.524
11.711
11.216
11.68
11.093
11.294
11.137
11.287
11.05
11.224
11.425
11.562
11.189
11.478
11.577
12.294
12.834
13.008
12.009
11.264
11.269
11.2
11.536
11.064
11.192
11.279
12.112
11.691
11.345
11.56
11.308
11.242
11.133
11.969
11.884
12.915
12.812
11.777
11.87
11.647
11.696
12.081
11.746
12.459
11.885
11.835
11.49
11.813
11.216
11.398
11.066
11.22
11.147
11.159
11.488
10.948
11.813
11.264
11.403
11.144
11.123
11.231
11.96
11.497
11.852
11.266
11.196
11.558
11.314
11.239
11.153
11.446
11.431
11.286
11.264
11.071
11.035
11.363
11.046
11.6
11.338
11.061
11.171
14.54
11.562
11.35
11.372
11.211
11.849
11.819
11.051
11.213
11.288
11.263
11.303
11.522
11.403
11.47
11.86
12.687
11.436
11.075
11.063
11.208
11
11.009
11.762
11.629
11.268
11.067
11.087
11.12
11.294
11.18
11.3
12.327
13.189
13.778
11.335
11.221
11.313
11.626
11.264
11.268
11.064
11.249
11.177
12.291
11.682
11.302
11.746
11.993
12.358
11.757
11.797
11.35
11.662
11.364
11.535
11.317
11.224
11.15
11.629
11.354
11.376
11.158
11.772
11.448
11.067
11.369
12.195
12.02
11.786
11.58
12.067
12.588
11.411
11.14
11.832
11.496
11.245
11.442
11.386
10.888
11.274
11.13
12
11.859
14.155
12.578
12.193
12.107
12.594
11.682
12.728
11.777
11.419
11.502
