14.374
15.154
18
15.75
14.591
12.792
19.268
16.636
15.609
15.141
14.163
14.404
16.099
42.977
41.245
38.651
14.363
13.621
15.005
16.967
14.597
14.603
13.599
40.572
22.294
13.837
15.522
15.876
17.167
17.775
16.618
15.297
19.949
18.517
13.631
14.918
19.376
13.322
14.415
15.857
16.759
15.072
14.485
14.772
13.628
16.12
17.868
15.639
15.804
28.53
13.701
16.849
14.121
15.986
13.969
15.59
14.698
16.586
14.559
15.496
28.367
14.98
17.064
13.464
16.019
18.717
15.59
16.126
14.108
15.549
15.083
19.208
16.809
21.71
16.974
16.036
23.151
15.215
15.4
14.976
13.925
13.819
14.289
15.008
17.763
13.655
15.698
15.657
15.857
18.23
15.122
14.844
13.512
16.525
22.419
14.374
21.804
16.47
18.069
13.664
19.831
14.252
18.143
16.516
24.008
13.743
13.535
14.37
14.322
15.227
14.476
16.424
14.562
17.035
18.673
13.653
13.604
17.148
15.459
41.106
13.628
13.456
16.393
22.115
18.135
15.598
15.45
14.683
14.14
14.437
13.885
15.468
16.015
15.119
15.27
15.221
15.35
18.505
18.278
15.222
15.094
17.85
13.585
15.896
15.079
14.086
23.412
13.418
13.562
14.95
16.154
14.546
13.284
15.785
16.35
15.75
14.081
16.51
16.87
13.574
13.75
14.341
17.996
15.926
16.395
15.177
14.177
17.837
17.437
16.085
13.421
16.551
16.885
12.342
15.216
16.974
15.425
15.201
16.858
13.161
14.529
24.843
14.133
16.125
34.827
40.12
40.324
12.462
15.146
14.555
16.513
13.971
14.92
16.206
14.681
20.656
28.791
33.988
19.506
13.496
16.415
15.459
17.705
15.277
14.657
15.056
19.731
15.581
13.541
28.152
15.2
13.492
15.057
13.228
13.719
14.785
17.292
14.532
14.411
33.049
13.575
13.392
18.707
15.885
30.206
13.203
14.574
13.151
14.856
13.989
17.794
16.041
17.318
15.124
13.447
13.631
14.239
14.241
14.743
14.538
13.969
13.552
16.479
15.164
23.101
20.06
17.532
14.312
15.061
15.962
15.011
38.309
34.174
13.387
16.211
14.783
15.813
15.141
17.051
14.924
16.601
13.892
13.393
14.595
15.373
40.271
28.681
14.085
14.957
14.421
14.535
15.559
15.415
12.911
15.464
16.369
15.195
15.892
15.467
13.923
18.198
13.518
12.97
12.916
12.254
12.942
12.186
12.259
11.837
11.965
11.341
11.96
11.6
12.206
11.925
11.613
14.086
14.155
14.568
14.987
16.398
13.745
14.804
14.265
15.423
40.557
34.364
13.235
15.293
16.285
15.841
17.074
15.33
23.174
17.384
14.982
15.49
15.963
13.561
16.601
23.348
15.308
19.268
14.716
16.191
13.393
17.798
15.758
25.528
15.095
13.444
17.023
24.429
17.068
18.916
15.494
18.963
14.061
14.231
13.568
13.047
40.307
19.982
15.82
31.5
13.781
18.262
14.32
17.311
15.061
15.645
17.639
27.415
14.217
15.212
22.513
14.412
14.669
14.421
16.193
15.827
13.898
17.03
26.87
14.372
13.827
14.721
14.327
14.768
17.784
18.547
20.683
19.258
15.156
14.807
20.645
18.033
17.043
14.87
15.648
16.64
14.141
14.159
23.179
21.999
21.431
16.854
15.619
15.847
15.083
17.936
19.875
24.996
14.189
18.133
15.482
13.513
17.767
15.31
16.945
15.93
13.898
15.499
27.3
15.124
14.299
15.143
13.674
16.383
19.623
22.958
12.936
16.809
20.749
15.123
14.153
21.496
21.849
13.455
16.03
14.499
13.26
16.172
16.76
14.442
15.244
16.226
15.018
18.187
18.156
14.337
14.593
15.352
13.517
20.501
15.146
13.842
18.806
23.963
20.641
17.351
16.329
15.646
15.155
14.185
17.29
18.628
14.966
21.331
16.756
16.711
14.189
14.037
14.582
16.948
15.499
40.087
40.137
34.208
13.369
13.291
14.53
15.277
14.006
16.279
15.706
16.455
15.254
16.102
14.229
16.858
15.264
14.914
13.341
16.118
14.267
15.487
18.006
14.163
14.716
16.792
16.318
14.266
26.671
37.808
13.317
15.032
14.831
15.266
14.322
40.087
23.196
16.206
13.496
14.505
16.217
15.171
16.432
15.739
14.416
22.196
14.718
14.614
13.446
14.241
15.411
16.273
15.673
17.151
13.423
15.61
12.636
25.602
13.243
14.067
14.144
14.23
14.117
12.823
14.143
14.61
13.801
13.765
39.936
40.11
16.434
13.762
14.36
13.782
18.073
13.511
13.812
13.612
13.628
13.476
14.062
14.068
14.279
16.614
36.219
13.423
15.232
15.419
22.37
13.33
14.114
14.403
14.032
14.182
14.619
18.203
13.792
14.908
14.796
40.444
40.15
40.188
13.952
13.998
13.459
14.585
18.036
31.781
28.867
13.619
14.273
15.867
18.68
14.305
17.157
21.399
13.011
14.633
13.306
14.201
14.506
17.064
13.692
13.415
13.391
15.198
13.628
15.454
18.619
17.514
15.081
13.706
14.558
13.543
13.609
14.331
14.324
15.154
13.925
19.252
22.029
14.24
13.419
18.011
14.738
13.893
13.995
14.513
14.664
13.142
14.595
15.619
13.449
17.256
16.29
15.518
13.542
15.489
13.897
14.381
13.958
14.742
13.93
12.841
13.257
18.492
16.874
13.414
13.497
15.435
14.594
14.604
13.896
15.82
14.238
13.539
17.236
13.368
15.816
13.924
13.584
13.713
14.836
14.347
13.687
18.877
15.447
18.116
20.834
14.724
14.694
16.728
27.593
14.775
17.62
15.766
14.616
17.426
15.845
18.551
17.42
21.475
13.395
13.435
16.316
21.395
15.575
13.431
16.85
16.409
14.212
13.786
17.37
14.531
14.495
15.175
15.634
13.707
13.318
16.623
22.784
15.206
13.366
13.945
32.567
14.097
15.123
15.471
13.38
16.598
13.039
13.738
13.615
14.069
13.169
18.495
17.175
13.684
14.463
13.413
16.435
13.585
13.841
16.605
16.446
14.671
14.732
16.32
17.59
19.576
15.738
14.596
13.89
14.223
15.919
15.258
13.71
14.115
18.227
16.875
14.756
14.086
14.237
13.618
13.522
14.876
13.862
16.219
14.714
15.622
16.275
16.672
21.518
21.201
13.483
16.146
14.903
13.744
23.116
12.82
12.359
16.627
19.423
15.889
14.057
14.804
14.85
13.469
15.73
14.655
23.331
15.493
16.339
14.626
14.873
14.824
23.126
13.811
14.371
40.846
40.847
25.16
13.497
13.657
15.975
25.895
14.578
23.052
20.219
13.362
16.784
16.297
14.603
18.057
14.277
14.192
17.959
14.959
18.123
13.65
12.61
18.571
19.641
13.465
15.418
14.412
13.028
14.235
14.113
32.026
13.54
14.206
15.672
16.601
16.826
13.899
16.458
14.51
15.256
15.117
15.359
13.46
13.465
13.437
15.986
15.343
13.81
15.469
17.683
13.666
18.052
20.351
17.92
15.608
14.613
13.754
20.281
13.377
13.421
18.98
15.765
15.578
14.235
13.178
14.454
15.156
14.902
15.608
14.545
14.867
14.041
13.455
14.977
14.151
15.617
14.97
23.918
16.08
13.89
14.851
15.201
15.667
16.849
13.516
15.801
15.164
13.02
13.156
15.355
16.131
13.903
17.684
13.301
13.494
18.578
15.857
19.081
14.462
14.091
20.374
13.235
16.141
13.866
29.033
15.104
13.719
14.079
14.973
14.05
22.019
14.022
16.934
15.544
12.914
14.951
13.249
22.543
13.171
16.213
12.891
15.98
13.974
15.922
13.696
15.742
13.059
14.381
14.614
13.751
15.12
16.382
15.593
13.893
15.859
15.324
26.122
13.626
12.891
30.192
14.744
15.769
13.947
15.261
15.967
13.888
17.512
15.255
14.603
13.254
13.793
13.377
15.553
24.177
18.918
16.974
16.477
14.721
19.55
13.438
14.176
13.532
15.197
15.847
13.388
15.043
18.061
12.51
15.215
13.895
15.085
16.004
14.538
16.734
14.443
16.08
15.4
15.351
14.24
13.894
13.715
15.102
13.89
15.08
13.671
13.963
14.954
14.323
16.621
13.451
15.87
13.498
11.977
12.639
11.55
11.676
12.032
12.729
11.886
12.054
12
11.754
12.757
11.519
13.086
13.52
13.654
14.166
27.424
15.011
18.982
15.789
15.07
19.44
13.571
14.535
15.1
17.314
13.85
17.801
13.613
16.027
14.554
16.092
13.727
15.807
15.292
15.395
13.851
15.137
16.75
23.319
17.994
41.525
40.945
15.443
13.495
19.467
14.884
13.619
20.223
41.647
38.382
13.413
13.907
14.682
14.928
14.378
15.783
14.6
15.094
16.366
15.356
16.837
16.812
14.37
14.508
13.544
14.143
17.675
12.859
42.712
15.692
15.548
15.256
15.815
15.723
16.569
14.066
18.466
14.361
14.949
13.692
14.766
15.049
19.771
16.639
13.584
14.209
42.674
41.537
12.297
13.752
16.276
14.508
14.3
16.974
16.875
14.325
15.066
14.987
14.14
14.747
14.024
15.501
13.861
16.915
12.923
15.797
13.612
13.698
42.101
32.027
13.853
16.898
15.294
18.125
14.693
14.964
14.942
15.012
15.652
16.082
15.361
16.483
13.776
13.562
14.71
20.878
15.283
14.909
13.587
13.379
13.94
13.396
13.28
13.147
13.559
16.142
15.671
13.706
14.075
14.027
19.973
15.488
16.521
13.602
14.774
21.558
14.192
16.4
18.372
14.085
13.724
15.034
18.936
20.018
13.635
13.51
37.559
14.024
40.089
17.239
16.664
25.975
15.516
15.735
16.362
13.596
15.86
13.705
15.166
14.423
14.204
16.296
29.872
14.433
14.271
14.165
27.051
13.874
15.098
14.316
17.496
15.189
15.892
40.54
40.506
22.99
13.225
17.766
14.549
40.404
12.01
12.354
14.776
14.461
14.584
18.011
18.059
13.224
17.373
15.87
16.114
13.734
13.54
16.037
14.773
12.15
12.01
12.373
13.627
16.526
13.916
29.564
14.88
13.67
13.79
13.328
14.323
12.974
14.143
13.927
15.932
14.251
16.255
14.239
16.399
14.174
13.359
13.913
14.164
13.389
15.087
15.776
13.554
13.244
15.166
13.594
13.855
13.662
13.775
22.409
13.901
18.928
13.958
14.419
16.23
17.169
17.42
14.565
14.636
18.013
18.299
16.114
16.036
16.166
13.956
14.636
15.352
15.775
14.955
16.637
13.646
15.369
15.366
15.978
15.249
28.427
39.194
17.295
15.295
16.134
14.971
14.266
14.139
18.689
13.736
14.442
31.089
36.945
14.714
13.416
13.549
15.588
13.174
15.126
14.389
13.401
13.36
16.533
13.397
15.889
13.748
14.124
14.501
40.882
40.455
16.663
15.629
13.365
14.959
14.377
31.269
13.471
16.775
15.208
13.296
14.426
13.908
14.746
15.257
14.594
15.958
15.176
17.139
16.851
13.927
17.386
16.347
14.669
15.799
14.167
20.171
17.449
13.367
13.488
15.489
13.771
17.001
39.538
13.556
13.562
17.056
17.401
14.614
14.104
30.418
15.349
14.537
14.219
15.252
15.873
15.155
15.148
14.69
14.023
14.962
13.331
12.517
11.738
12.543
13.872
13.584
17.766
16.467
14.819
13.179
17.295
16.548
22.057
15.017
14.478
12.829
12.876
17.787
13.896
13.976
15.724
22.014
14.677
13.503
13.937
14.547
13.986
13.659
15.311
13.332
13.638
19.061
22.631
14.307
17.05
17.939
13.914
16.25
13.991
13.758
13.021
17.993
13.358
13.674
15.513
12.888
15.333
14.66
15.592
16.979
13.36
15.757
14.414
14.131
14.629
18.702
14.419
15.391
14.022
13.398
15.015
13.886
13.322
15.089
13.902
12.981
17.218
13.811
30.55
13.231
14.396
14.092
13.875
13.38
14.139
13.466
20.095
18.94
16.583
13.32
13.616
13.652
14.053
13.768
13.445
13.557
13.908
15.412
17.203
15.141
15.525
14.963
15.436
13.646
13.983
15.613
14.033
16.671
13.468
13.203
13.012
13.737
16.684
14.62
14.788
17.676
14.059
13.275
13.622
13.425
15.005
12.692
16.264
12.952
12.75
14.477
15.577
14.002
14.94
15.516
18.712
17.727
13.474
15.104
17.413
16.104
13.406
14.797
14.61
14.362
21.108
12.905
15.965
13.346
22.851
14.896
13.315
13.24
14.833
13.548
14.697
14.176
14.063
13.426
15.486
