14.168
13.828
13.932
14.462
15.416
13.815
13.582
18.932
15.51
13.06
13.189
12.661
15.158
13.368
12.694
12.612
12.918
12.651
14.453
14.3
13.966
14.034
16.783
17.788
13.279
13.17
13.263
13.223
12.173
12.011
13.647
13.226
13.679
13.615
14.447
15.409
19.228
14.601
17.084
15.903
13.876
13.747
13.05
12.585
13.717
13.602
13.853
13.639
13.88
13.626
13.218
12.987
12.399
13.744
13.625
13.637
13.599
12.844
12.569
12.8
12.728
14.627
14.627
16.873
14.179
13.442
13.353
16.21
14.072
15.721
16.198
13.533
13.185
12.49
12.295
13.533
12.968
14.823
13.029
12.22
13.597
13.454
13.762
13.443
15.238
13.464
14.155
13.252
13.161
13.821
13.443
14.572
15.266
14.214
13.303
12.896
13.625
13.473
13.02
12.625
13.514
12.928
13.648
13.638
13.463
13.467
14.689
12.962
13.91
13.4
14.609
13.673
13.598
13.487
13.119
13.002
13.081
15.464
13.177
14.606
15.164
15.031
13.828
14.492
13.364
13.687
13.487
13.726
12.859
12.308
13.544
13.143
13.658
13.413
12.855
13.568
13.464
13.875
13.441
13.307
15.215
13.5
12.622
13.638
13.497
14.095
13.948
13.483
13.059
14.354
13.076
13.771
13.67
13.273
14.65
13.497
13.577
13.76
12.895
13.883
12.932
12.465
13.693
13.408
14.094
13.387
13.571
13.42
15.042
14.882
15.347
14.049
14.401
13.381
13.749
13.543
16.188
14.708
13.888
13.557
13.66
13.657
12.948
13.524
13.382
12.695
13.287
12.962
13.443
13.295
15.337
15.123
14.33
13.476
13.633
13.411
13.507
13.508
13.44
13.476
13.641
13.749
13.85
13.654
13.213
15.809
13.5
14.399
13.346
13.611
13.463
13.83
13.342
12.955
13.288
12.688
14.63
14.449
13.277
16.048
14.093
15.29
12.48
14.704
15.29
12.796
14.609
13.746
12.567
13.597
13.378
15.432
13.668
15.189
13.283
14.02
13.4
15.513
14.02
13.678
13.762
14.567
15.161
14.899
13.912
14.115
15.127
13.401
12.984
12.143
14.918
15.236
13.524
13.51
13.462
13.367
13.043
13.593
13.36
13.601
13.441
13.002
14.133
13.547
13.945
13.369
13.465
13.431
12.916
12.232
13.64
13.052
14.69
16.025
14.929
13.457
14.485
13.595
13.628
13.619
13.713
13.518
13.936
13.531
13.377
13.03
13.68
12.945
13.793
13.599
12.973
13.735
13.681
14.677
13.587
15.548
13.541
13.525
13.587
13.133
13.766
13.57
13.798
13.605
13.068
13.814
13.554
13.676
13.617
13.292
14.869
13.532
13.453
16.922
13.814
14.539
17.134
15.616
13.721
30.604
16.265
22.519
12.855
13.217
15.491
13.783
13.343
14.477
13.573
15.009
15.245
13.607
17.295
13.931
15.488
13.629
13.412
12.978
13.747
13.493
13.372
13.572
13.455
13.547
13.489
12.665
13.831
13.411
13.433
12.998
12.664
13.34
12.895
12.687
12.454
13.221
14.615
14.381
15.167
15.218
13.529
14.368
13.628
13.362
13.465
13.524
13.092
13.463
13.404
12.57
12.723
13.686
13.305
13.837
13.422
14.114
14.309
13.906
13.315
13.985
13.549
16.026
13.594
13.453
13.47
13.396
13.663
13.622
13.432
13.468
13.035
12.708
13.209
13.092
13.6
13.459
13.356
13.518
13.22
13.804
13.44
14.451
16.349
14.578
15.732
13.66
15.125
15.253
14.884
16.227
12.498
12.437
13.027
13.717
13.789
14.675
14.619
12.888
13.064
12.566
12.093
14.616
13.667
15.084
13.621
13.645
13.537
13.526
14.749
19.573
14.18
17.222
17.717
13.645
13.394
13.813
13.926
13.873
13.477
13.569
13.393
13.547
13.114
13.551
13.597
14.255
13.453
17.077
16.857
15.25
17.678
12.503
13.569
13.422
13.411
13.689
13.382
13.692
13.528
12.924
13.628
13.345
12.946
12.132
13.986
13.125
13.722
13.005
13.39
13.542
13.577
13.627
13.329
12.89
16.105
12.983
13.404
13.421
14.231
15.154
13.756
12.753
13.485
12.978
13.542
12.842
15.487
13.039
13.478
13.524
14.884
13.363
12.727
13.345
12.759
12.154
13.633
13.399
12.755
12.505
13.505
14.785
13.427
13.401
13.377
12.287
12.652
13.265
12.689
12.01
13.652
13.579
14.857
13.562
13.525
18.929
13.522
14.084
13.484
13.467
13.213
12.506
19.043
14.111
13.532
12.265
13.464
13.937
13.174
14.634
12.674
14.921
13.582
14.579
13.597
13.165
13.804
13.434
13.436
13.528
13.513
13.366
12.331
13.049
18.94
13.464
13.494
12.931
15.37
15.395
12.211
12.146
12.24
13.605
13.531
13.77
15.481
13.93
13.708
12.419
12.62
13.768
14.05
16.61
14.966
14.073
13.506
13.127
13.44
13.843
14.943
13.54
13.454
13.428
12.81
13.656
13.47
13.612
13.073
14.782
13.483
12.898
12.924
13.781
13.334
13.706
13.431
13.53
13.363
14.574
16.354
14.821
17.02
14.732
12.541
12.107
12.121
13.639
13.457
13.666
13.942
13.263
16.27
17.402
14.478
13.489
25.828
13.447
13.017
12.816
12.202
13.548
13.6
12.533
13.063
12.401
14.677
12.462
14.133
13.456
13.212
13.745
13.492
12.957
13.014
12.854
13.696
13.17
17.638
13.517
15.193
14.224
40.869
40.536
20.963
12.394
12.124
12.229
12.3
12.092
12.04
13.176
13.055
16.789
13.514
41.151
41.522
37.769
12.617
12.276
12.022
12.1
11.926
11.785
13.596
13.562
13.857
14.624
13.283
14.222
12.934
12.867
13.551
13.114
13.203
12.99
12.954
13.539
13.187
13.567
13.57
14.977
13.493
14.342
13.506
13.393
13.487
12.782
13.518
13.423
13.448
12.176
12.883
12.89
16.739
14.321
13.03
12.544
15.178
13.055
15.23
13.283
13.457
13.843
12.592
13.748
13.405
13.103
13.656
13.227
13.763
13.656
14.114
13.618
13.398
13.68
13.527
12.969
13.463
13.135
13.665
13.629
16.034
13.545
14.761
13.593
13.656
13.836
13.566
16.077
13.603
13.134
13.837
13.221
13.249
17.416
14.698
15.997
14.018
14.132
15.222
18.183
13.565
14.318
13.815
13.395
13.02
13.078
13.105
16.366
17.819
13.7
13.16
12.67
15.521
14.543
13.662
13.171
13.567
12.325
12.13
13.657
13.545
13.601
13.646
13.707
13.548
14.447
13.612
13.454
27.222
13.62
13.636
13.68
12.438
12.534
13.584
13.343
17.404
14.877
13.844
13.705
13.619
13.051
13.769
13.537
15.146
13.255
12.614
12.469
15.344
14.62
13.42
12.689
12.33
13.661
15.391
24.405
20.864
13.668
13.022
13.605
13.689
13.135
13.613
13.661
15.28
14.399
14.399
13.245
12.636
13.909
13.722
16.334
14.125
13.121
13.372
14.328
15.257
13.897
13.874
17.311
13.372
15.283
13.938
14.222
15.409
13.263
13.592
13.602
13.773
12.568
12.367
13.684
13.651
13.207
13.406
13.038
14.53
17.246
13.614
14.087
13.717
13.183
12.993
13.583
13.024
13.695
13.684
13.388
13.646
13.546
13.858
13.591
13.583
13.679
13.3
13.336
12.77
12.7
13.587
13.617
13.623
13.581
15.851
13.539
13.867
13.689
17.416
17.332
13.004
13.666
13.586
13.095
13.558
13.447
12.512
14.293
13.724
15.367
18.358
15.997
15.273
14.861
14.793
17.743
15.403
13.861
13.518
12.909
12.517
17.633
13.118
18.079
26.086
13.65
13.551
14.001
13.811
13.815
13.735
13.558
13.556
12.236
11.986
11.999
13.879
14.342
14.392
14.525
13.81
13.748
13.963
13.361
13.1
12.255
13.908
13.994
14.811
14.461
14.542
16.16
13.331
14.498
14.249
13.372
13.066
13.514
13.007
14.178
13.521
14.147
41.544
18.799
12.611
12.741
12.106
13.676
13.056
17.609
14.017
13.527
13.677
13.602
13.265
13.701
13.538
13.668
13.546
13.706
13.658
14.001
13.642
13.703
13.647
13.589
12.069
12.156
12.278
13.206
14.597
17.183
13.982
13.008
15.306
14.044
16.872
15.422
15.483
14
13.678
13.585
13.448
13.458
13.063
13.887
13.342
15.524
15.471
14.526
13.698
13.424
15.526
14.153
13.084
13.06
13.296
12.756
13.625
13.46
12.215
12.055
15.403
14.9
13.598
13.349
13.743
13.637
13.513
12.878
13.705
12.989
13.68
13.122
13.038
14.104
13.173
14.078
13.72
28.242
13.361
13.784
13.789
13.601
13.116
12.891
13.743
13.648
13.276
13.712
13.608
13.242
12.676
14.827
13.491
13.021
13.806
13.582
13.477
13.828
13.588
14.9
15.059
12.414
12.69
15.507
15.398
13.544
13.777
14.047
14.88
18.624
18.199
12.559
12.982
12.139
15.034
13.452
13.845
13.572
13.646
13.53
17.177
13.796
14.908
15.69
13.142
13.888
13.551
14.156
16.984
13.426
14.437
13.367
13.752
16.37
14.82
14.514
13.448
14.186
13.474
13.164
13.203
12.604
13.611
13.149
13.681
13.812
17.333
17.769
13.877
13.756
14.219
13.871
13.551
13.133
13.355
13.197
13.065
13.733
13.599
13.699
13.226
14.238
13.39
18.409
13.73
14.04
13.491
14.385
16.568
18.976
14.535
13.668
13.282
15.471
13.655
13.708
13.596
13.446
13.649
13.405
13.046
14.116
13.618
13.712
13.584
13.65
13.072
15.182
13.579
15.549
15.465
13.909
13.814
13.74
13.751
13.55
13.67
12.663
12.925
12.538
14.027
13.521
13.727
13.498
14.513
13.505
15.347
13.664
13.801
13.617
13.347
13.454
13.095
12.985
13.177
13.241
13.9
13.59
13.593
13.674
13.313
12.143
12.281
12.124
13.626
13.222
13.682
13.415
15.216
13.582
13.064
12.561
12.739
13.452
14.195
13.234
13.608
13.214
12.191
12.229
12.233
11.703
11.983
12.428
12.226
11.913
11.904
11.96
11.858
12.262
11.574
11.881
12.655
11.792
12.955
11.949
11.703
11.805
12.41
12.288
13.574
13.402
14.116
13.522
15.343
13.07
12.839
12.922
14.924
14.928
12.745
12.129
16.052
16.307
12.78
12.282
12.614
14.775
14.54
13.102
14.101
13.863
15.214
14.069
13.54
13.033
13.48
16.146
14.72
15.271
13.041
14.038
13.055
13.732
13.246
12.865
12.287
13.277
12.594
13.995
15.192
13.423
15.848
13.498
12.516
13.194
12.396
13.595
12.904
13.09
12.574
12.45
12.53
13.513
13.533
13.639
12.746
12.516
14.129
12.906
13.65
13.489
13.096
13.729
13.288
13.691
13.105
14.874
13.851
15.714
13.163
12.709
13.406
13.067
13.463
13.619
13.403
12.378
13.63
13.264
13.715
13.29
13.484
13.511
13.582
13.272
15.51
14.047
18.9
15.295
13.991
12.374
13.473
13.13
15.141
12.925
12.107
31.837
12.862
12.929
12.965
13.015
12.991
15.119
13.993
13.182
13.429
13.194
23.582
13.595
15.104
14.283
12.551
13.696
13.181
12.484
13.628
13.166
13.076
15.586
15.992
13.429
12.995
13.472
13.481
13.524
13.022
15.555
14.543
17.167
14.881
14.191
17.288
29.235
30.224
19.396
13.542
13.388
13.436
12.922
17.272
17.838
23.37
12.9
12.755
12.451
13.13
13.112
13.023
12.964
13.572
13.4
13.559
13.483
13.291
13.671
13.333
14.126
13.464
13.904
14.156
15.802
31.122
26.661
12.544
12.718
15.116
13.386
12.809
13.488
13.128
13.626
13.577
13.523
13.338
12.817
12.225
12.543
12.298
14.109
13.341
13.318
12.885
13.601
13.505
13.958
12.148
11.912
13.638
13.504
12.393
13.711
13.506
13.614
13.58
15.522
13.883
12.852
14.249
13.967
12.974
13.204
12.157
12.25
13.533
13.438
13.719
13.333
13.56
13.313
41.07
31.949
12.145
12.79
12.157
12.243
12.564
12.134
13.609
13.289
13.792
13.474
13.503
13.606
13.41
13.414
12.778
13.12
13.002
15.345
15.207
14.457
13.52
12.864
19.903
13.703
13.489
16.642
15.477
16.886
13.983
13.409
13.425
13.453
13.983
14.283
12.478
13.569
13.43
13.947
16.157
18.484
29.834
25.962
13.53
12.124
13.267
12.978
13.541
13.159
12.14
12.191
13.369
13.11
13.566
13.525
15.139
13.836
13.668
13.519
14.992
12.977
14.146
13.331
12.743
12.188
13.47
13.399
13.573
13.469
13.496
13.721
13.436
15.052
19.501
14.294
17.244
17.757
14.747
13.146
12.546
12.57
13.703
13.45
15.332
13.914
12.895
13.312
12.938
13.51
12.74
12.14
12.433
12.156
12.156
13.542
13.3
14.614
13.85
15.174
14.632
14.593
15.227
13.647
13.46
13.068
13.853
13.722
13.987
13.384
13.777
16.459
13.579
13.485
14.916
14.101
14.843
13.484
14.247
13.804
12.295
13.521
13.593
13.139
13.099
12.897
14.132
15.35
13.62
15.559
13.843
13.941
13.425
13.528
13.521
13.465
13.967
13.466
14.492
13.583
16.611
14.905
13.555
13.624
