14.572
15.075
14.792
16.682
13.497
13.883
14.009
14.355
13.348
15.717
17.867
15.909
17.036
15.248
14.919
14.654
14.651
13.617
16.331
15.637
15.388
21.612
28.912
16.07
14.493
13.222
15.364
17.383
13.905
17.175
16.556
14.37
28.78
16.446
15.009
17.904
14.664
14.65
19.123
14.038
20.194
12.834
16.731
13.741
15.304
14.944
15.424
13.817
16.829
14.895
15.354
13.774
16.357
15.893
14.845
16.414
15.504
15.433
13.908
15.772
13.776
14.976
17.44
15.831
40.382
14.82
15.202
11.568
11.617
12.51
12.789
11.992
11.793
13.36
17.46
13.436
15.534
13.918
13.365
16.591
13.9
16.604
13.357
23.448
14.012
13.674
12.529
40.166
13.903
15.353
13.653
16.812
40.074
14.489
13.715
13.965
15.568
15.724
16.036
15.561
14.607
17.221
14.134
29.394
16.227
14.928
13.987
13.789
14.799
15.861
16.536
14.093
15.203
16.4
15.859
20.662
13.946
13.283
14.038
14.025
13.97
17.444
16.041
14.952
14.023
13.596
17.765
14.918
20.753
13.656
16.873
15.408
16.486
13.99
15.969
17.835
13.498
14.395
13.393
13.204
16.245
13.778
14.264
15.043
17.429
13.335
13.612
15.852
13.317
20.562
13.516
17.823
14.507
14.204
14.336
15.283
13.253
11.892
14.002
12.721
15.101
14.576
13.589
16.93
17.055
16.667
14.083
14.818
16.565
14.924
14.566
14.239
15.565
17.445
15.813
15.346
14.354
15.53
13.368
14.136
13.617
14.166
18.128
15.242
18.517
15.532
15.984
30.099
19.286
14.886
20.648
15.469
22.128
27.351
17.613
39.981
14.598
14.439
13.285
14.285
15.938
13.862
40.963
15.038
23.737
18.737
20.994
14.154
14.006
15.081
13.67
14.274
13.677
14.377
17.958
14.942
26.613
16.78
16.024
14.951
15.293
16.685
14.413
14.099
19.252
20.958
17.173
20.964
14.153
14.258
13.741
15.495
13.709
13.289
16.692
13.749
14.184
17.099
16.977
28.254
13.854
15.062
13.975
13.884
17.663
21.382
15.068
13.826
15.761
13.817
13.244
14.966
14.047
16.343
14.336
13.913
16.312
15.363
13.927
15.403
16.722
14.815
17.278
15.077
14.742
13.51
14.607
13.816
16.346
13.609
16.136
15.037
14.156
14.322
16.334
14.417
14.381
12.365
13.856
12.674
15.204
14.475
14.757
12.818
14.557
16.605
18.366
13.759
13.442
13.871
39.969
13.323
15.338
15.009
14.966
18.184
15.136
17.758
14.678
14.433
18.796
13.941
14.372
14.634
15.039
13.606
13.92
16.055
14.029
13.155
16.394
20.021
15.18
18.603
15.303
16.855
15.097
15.52
18.498
14.981
21.366
19.032
14.121
40.912
13.934
15.7
18.09
16.965
13.959
14.74
18.211
14.027
15.555
16.259
17.954
16.415
13.301
41.276
33.144
17.131
16.626
14.117
13.482
16.76
17.621
15.285
13.212
14.691
15.616
13.955
17.724
13.368
16.676
13.801
15.077
16.902
16.262
15.204
13.321
15.598
13.96
16.2
17.297
18.547
16.508
14.485
15.623
38.471
14.676
18.323
14.005
18.21
13.675
14.65
13.312
14.986
16.745
17.202
16.073
14.898
15.142
17.367
14.191
16.043
18.712
13.454
15.433
32.02
14.908
18.274
14.578
15.1
15.824
16.091
15.371
14.083
14.96
12.911
12.792
11.939
13.101
12.43
11.865
12.38
14.557
18.25
16.837
13.634
21.03
14.381
16.259
16.519
14.256
16.996
13.318
14.142
19.099
14.097
16.196
14.51
18.975
20.518
35.841
16.853
14.346
14.582
17.138
16.056
14.777
30.674
13.887
17.948
13.881
13.529
17.266
13.8
40.085
14.645
16.126
16.526
14.224
13.405
14.266
19.113
14.239
14.608
14.105
13.913
13.794
14.34
19.69
15.364
19.825
13.704
13.877
14.761
26.433
14.372
14.641
14.178
22.33
14.646
13.94
15.648
17.325
15.745
28.604
19.477
14.766
14.333
13.691
14.251
15.27
23.404
15.8
23.071
15.628
16.131
14.299
16.09
41.977
13.786
15.685
13.847
22.641
18.253
16.961
13.364
18.287
15.688
16.132
23.995
18.133
15.474
20.114
24.482
17.511
19.948
14.945
21.666
15.057
13.943
18.406
21.063
15.755
15.186
16.799
17.715
40.045
13.295
14.011
23.742
14.665
13.706
14.478
15.335
18.037
15.859
19.394
20.676
40.881
18.091
15.615
17.193
18.318
15.248
15.385
19.546
16.071
14.426
14.913
14.336
14.038
14.423
30.576
16.166
14.294
13.864
13.652
18.12
14.289
17.928
35.424
47.723
42.397
14.989
16.587
14.185
16.399
14.997
14.823
17.309
14.925
13.829
18.38
17.863
13.614
13.552
23.789
16.171
13.447
14.231
14.295
15.735
24.747
15.241
14.276
15.029
29.392
13.366
17.409
13.964
18.019
15.83
17.926
17.007
18.724
15.665
35.807
17.024
22.489
15.333
17.175
19.449
14.679
28.021
15.667
15.299
15.721
14.568
15.321
16.516
13.453
15.542
15.203
17.464
14.878
13.913
16.166
16.08
13.351
13.756
17.654
13.84
17.803
15.772
14.532
14.753
14.157
17.212
14.895
21.054
14.031
15.084
14.024
14.165
19.096
13.783
15.001
12.997
14.757
13.418
12.703
13.428
14.997
14.111
16.665
14.037
13.987
14.12
13.455
15.936
