14.467
13.681
13.559
13.499
12.996
13.589
13.94
14.627
13.297
12.61
13.836
13.704
14.836
13.308
12.367
12.261
11.943
12.23
13.257
13.322
11.93
12.119
12.381
11.862
11.971
11.907
11.924
12.262
12.358
12.056
12.562
12.792
12.33
12.795
12.505
12.461
11.986
12.392
12.216
12.162
12.877
12.281
12.09
12.291
11.968
11.935
12.333
11.83
11.824
11.732
12.066
11.944
12.777
14.127
11.973
12.681
11.771
11.929
11.74
11.933
11.689
12.326
11.664
11.771
11.973
12.097
11.832
11.927
11.799
11.966
12.039
12.588
12.231
12.035
12.344
11.692
11.769
13.657
13.267
13.005
12.884
13.685
13.013
13.172
12.826
12.338
12.139
12.478
12.273
12.771
12.325
12.161
12.681
11.972
12.383
12.562
12.913
11.947
11.942
11.766
11.531
12.545
13.39
14.869
12.973
12.565
11.932
12.26
11.701
12.052
11.84
12.107
11.927
11.829
11.969
12.14
11.76
11.876
11.706
12.091
13.664
14.351
11.897
11.607
12.042
11.788
11.75
13.205
14.677
13.824
12.579
13.363
12.311
11.876
12.87
11.656
12.58
12.031
12.317
12.255
11.935
11.954
12.395
11.965
11.827
11.843
12.311
11.9
12.281
11.979
11.942
11.999
12.564
12.441
12.018
13.028
11.957
12.235
12.518
12.175
13.18
12.318
12.495
13.342
12.504
12.606
12.86
12.112
12.13
12.079
12.054
12.952
11.538
13.23
11.887
12.017
12.269
12.458
12.619
12.753
12.149
12.105
12.174
12.082
11.914
12.093
12.048
12.379
12.385
12.15
11.847
12.12
11.718
12.848
12.316
12.61
12.973
12.556
12.411
12.372
11.673
11.995
13.617
13.416
13.057
12.262
11.963
11.984
11.962
12.093
11.503
12.103
12.547
13.407
11.787
12.485
12.691
12.336
12.224
13.071
12.879
12.771
13.163
12.89
12.499
12.888
12.384
12.896
12.138
12.531
11.854
11.909
12.093
12.164
11.902
12.11
11.919
12.231
12.118
12.338
12.148
11.907
12.118
13.483
15.118
12.95
12.447
12.369
12.099
11.916
11.551
11.576
11.763
11.596
11.996
11.794
11.915
11.645
11.643
11.628
11.755
11.746
11.972
11.749
11.798
11.576
11.693
12.024
11.713
11.924
11.636
11.868
12.711
11.688
12.314
12.336
12.509
12.318
11.872
11.961
11.917
11.969
11.604
11.881
12.109
12.079
12.262
11.984
11.828
11.888
11.59
11.954
12.135
11.865
12.053
12.065
11.859
12.324
11.731
11.453
11.754
11.833
12.984
13.622
12.804
12.456
12.193
12.004
11.794
11.781
11.904
11.812
11.703
11.558
11.976
12.019
11.989
11.386
11.608
11.428
11.429
11.261
12.321
12.233
12.004
12.408
11.619
15.571
12.243
12.959
12.38
12.48
11.977
11.782
11.587
11.594
11.393
12.093
11.762
11.693
12.078
12.079
11.846
11.806
11.826
11.767
12.255
12.038
11.763
11.969
11.945
13.808
13.116
11.61
11.7
11.71
11.848
11.66
11.505
11.229
11.849
11.66
11.493
11.713
11.794
11.476
12.757
12.84
12.171
11.724
13.026
12.868
12.008
11.861
12.396
11.663
12.608
12.098
14.411
11.512
11.566
12.02
12.46
11.467
11.745
11.59
11.443
12.177
12.098
11.544
11.626
11.743
11.339
11.396
11.528
11.226
11.67
11.522
11.68
12.257
11.502
11.568
12.162
13.817
11.986
11.609
11.801
11.794
11.612
11.652
14.683
12.289
11.932
12.334
13.2
12.517
11.815
11.508
11.783
11.449
11.874
12.493
11.628
11.249
13.176
11.533
12.194
11.782
11.574
11.614
12.045
11.719
11.583
11.627
11.301
11.205
11.661
11.587
11.884
11.291
11.327
11.868
11.891
11.361
11.52
11.613
11.945
11.846
11.645
11.332
11.628
13.699
12.035
11.924
11.709
11.872
12.285
12.066
11.838
11.539
11.181
12.713
12.081
11.911
12.078
11.644
11.623
12.175
12.084
11.527
12.011
12.239
12.464
12.342
12.017
11.603
12.521
11.638
11.678
11.465
11.528
11.799
12.469
11.696
11.443
11.779
11.608
12.167
11.636
11.645
11.834
11.652
11.402
14.459
13.346
11.828
11.461
12.219
11.572
11.476
12.652
13.264
12.209
12.364
12.402
12.157
12.068
12.422
11.72
12.176
11.782
11.716
11.614
11.757
12.244
11.417
11.433
11.215
12.034
14.88
14.969
15.415
12.435
12.984
11.884
12.682
12.638
12.194
11.819
11.996
11.962
12.004
11.767
12.333
12.496
12.315
12.505
12.558
11.488
11.283
11.474
11.155
11.861
11.796
12.209
11.39
11.872
11.843
11.384
11.427
11.992
11.597
12.414
11.663
11.99
11.788
12.032
11.537
11.428
11.47
11.904
11.666
12.13
12.814
11.64
11.68
11.477
12.06
11.487
11.568
12.063
11.703
11.533
11.435
11.579
13.614
12.83
12.932
11.907
13.626
11.918
12.076
11.407
11.695
12.318
12.631
11.587
11.847
11.759
12.075
11.612
11.711
11.211
11.121
11.626
11.203
12.056
11.775
11.746
11.642
11.936
12.895
12.171
13.466
12.733
11.798
11.748
11.753
11.954
12.33
11.996
11.9
12.455
11.997
11.839
11.279
12.708
12.317
11.805
12.892
12.174
11.781
12.137
12.641
12.482
12.731
12.48
12.323
12.471
12.841
11.67
11.986
11.767
11.737
11.932
11.759
12.386
11.821
11.644
11.928
12.064
11.95
11.582
11.431
12.599
11.953
11.871
11.367
11.475
11.424
11.342
11.726
11.644
11.678
15.275
11.58
11.649
13.478
11.593
11.562
11.926
11.594
11.869
11.565
11.655
11.499
11.711
11.595
12.846
12.454
11.677
12.279
12.45
12.566
12.014
11.796
12.112
11.714
11.597
11.667
11.326
11.353
11.06
11.353
11.562
11.961
11.853
11.549
11.281
11.619
11.332
11.187
11.351
11.444
11.526
11.345
11.53
11.138
12.732
11.5
11.364
11.545
12.374
12.477
11.686
11.736
11.739
11.306
11.368
11.826
11.557
11.351
11.248
11.114
11.43
11.889
11.414
11.394
11.207
12.284
11.215
12.529
12.272
12.354
12.708
11.639
11.598
11.682
11.878
11.676
12.403
11.568
11.793
11.407
11.644
11.506
11.72
11.613
11.213
11.644
14.236
11.789
11.856
11.669
11.805
11.55
11.483
11.382
11.51
11.515
11.442
11.461
11.495
12.054
12.592
12.893
12.851
12.241
12.262
12.232
12.52
11.889
11.684
11.631
11.88
11.317
12.251
11.484
11.47
11.727
11.621
12.257
12.76
13.502
12.386
12.685
12.002
12.403
11.458
12.801
12.322
12.808
11.595
11.976
11.788
12.262
12.996
11.5
12.545
11.892
12.383
11.873
12.961
11.797
12.208
11.857
12.565
12.129
11.744
11.772
11.554
12.242
12.183
13.155
12.036
12.389
12.429
12.144
11.903
12.778
13.412
13.556
13.5
13.506
13.537
12.249
11.86
11.843
11.818
11.608
14.509
13.322
12.159
11.942
12.373
11.909
12.098
11.55
12.138
11.796
12.413
11.417
11.842
11.852
11.937
11.88
12.797
12.434
12.077
11.922
11.901
11.343
11.531
11.902
11.581
11.696
11.663
11.382
11.389
11.28
11.348
11.959
11.881
12.099
12.132
12.027
11.96
11.869
11.947
11.828
11.542
12.919
11.486
11.912
11.459
11.965
12.035
11.936
11.584
11.625
11.47
12.096
12.366
12.216
11.912
11.569
11.364
11.558
11.672
12.38
11.632
13.735
12.365
11.983
11.959
11.645
11.508
11.665
12.263
12.083
11.79
11.989
12.247
11.743
12.151
11.589
12.1
12.124
11.743
12.545
11.693
11.954
14.465
13.845
13.096
12.202
12.248
11.953
11.795
11.964
11.524
11.682
12.201
12.117
11.311
11.384
11.394
11.346
11.936
11.174
11.378
13.248
12.102
11.688
11.848
11.705
11.577
11.757
11.782
11.363
11.422
11.341
11.141
11.522
11.181
11.614
11.505
11.483
11.254
11.376
11.417
11.338
11.559
11.474
11.768
11.507
11.372
11.965
11.706
11.357
12.289
11.419
12.581
13.18
12.621
11.82
12.055
11.546
12.121
11.854
11.81
12.018
11.745
11.461
12.248
11.161
11.857
12.342
11.716
11.586
12.701
11.758
13.371
11.778
11.75
11.752
11.567
11.71
12.301
12.138
11.752
11.395
11.325
11.383
11.276
15.469
13.07
11.635
11.794
12.078
11.829
11.701
11.442
12.287
12.071
12.857
11.619
12.114
11.636
11.529
12.351
13.095
13.683
12.633
12.606
12.887
13.278
12.296
12.175
11.848
11.803
11.75
12.34
11.71
11.537
11.681
11.37
11.376
11.521
11.945
11.735
11.8
11.911
11.644
11.469
11.546
12.362
11.95
11.662
11.657
11.407
11.238
11.644
11.578
11.431
11.212
11.879
11.367
11.459
11.275
12.09
11.916
11.658
11.452
11.684
11.555
12.23
11.612
12.176
11.558
12.369
11.454
12.423
12.298
11.879
11.798
13.029
12.05
11.842
11.572
11.844
11.682
12.819
11.254
11.422
11.418
11.568
13.848
11.693
11.523
11.761
12.159
11.993
11.88
11.997
11.543
11.291
11.737
11.76
11.989
12.06
12.565
13.695
11.305
11.191
11.957
11.307
11.488
11.324
11.506
12.488
12.94
11.681
11.506
11.697
11.575
11.82
11.232
11.552
11.563
13.186
12.828
13.72
12.527
12.208
12.21
11.925
11.835
12.329
11.504
11.95
12.506
11.436
11.711
11.525
11.448
11.846
11.937
12.391
11.185
11.75
11.576
11.597
11.55
11.808
12.179
12.528
11.731
11.595
12.144
13.562
12.521
11.885
11.844
12.223
11.215
11.865
11.557
12.633
12.143
13.329
11.922
11.776
11.607
11.682
11.495
11.34
11.425
11.637
16.164
12.338
12.36
11.934
11.752
12.34
11.604
11.637
11.941
11.51
11.515
12.622
11.529
11.984
11.737
11.652
13.275
11.565
11.598
11.622
11.505
11.262
11.466
11.435
11.768
11.505
13.011
12.507
11.929
12.041
12.434
11.328
11.438
12.513
11.552
11.185
11.658
11.416
11.782
11.586
11.754
13.321
11.894
11.806
11.228
12.184
11.415
11.338
11.373
11.87
13.581
12.625
12.043
12.453
12.442
12.493
11.956
13.015
12.272
11.928
11.873
12.447
11.58
11.982
12.146
11.908
12.933
11.453
11.577
13.303
12.397
12.394
12.256
12.307
12.7
12.43
12.198
12.134
12.082
11.672
11.555
12.447
13.026
11.91
11.809
11.755
11.414
11.537
11.58
11.66
12.406
11.811
11.498
11.81
11.778
11.989
11.566
11.955
12.828
12.449
12.758
11.984
11.293
11.453
11.993
11.539
12.076
11.83
12.111
13.23
11.865
11.705
11.547
11.844
11.928
12.283
11.742
11.721
11.653
11.449
11.507
11.438
11.358
12.713
11.844
11.719
12.124
11.527
11.582
11.707
11.961
11.311
11.615
12.569
12.167
12.708
11.584
12.863
12.033
12.158
12.338
12.111
12.073
11.831
11.684
12.251
12.255
12.479
11.873
13.006
12.205
11.552
12.268
12.898
13.183
12.507
12.469
12.049
12.874
12.124
14.864
12.416
12.983
12.747
12.193
12.082
12.988
12.42
12.32
13.577
11.749
11.617
12.121
11.725
11.537
11.589
11.763
11.741
11.756
11.951
11.268
11.465
11.749
11.981
12.227
12.257
11.454
11.88
12.171
12.582
12.575
12.523
12.973
12.913
12.381
12.561
11.97
12.517
12.798
11.909
12.5
11.636
12.191
12.356
11.86
11.955
12.005
11.948
11.934
12.332
11.534
12.115
11.451
11.819
11.848
12.089
11.718
11.379
11.88
11.869
11.968
11.786
11.541
11.822
11.607
12.525
12.518
11.87
11.699
12.189
11.51
11.552
11.456
12.433
11.711
11.662
12.026
11.498
11.789
11.694
11.889
11.575
12.967
11.881
11.794
15.866
11.961
12.749
12.104
11.895
12.771
12.122
12.398
12.232
12.857
12.028
12.721
11.697
13.113
12.865
13.224
12.008
12.644
14.798
13.823
11.625
11.903
11.581
12.549
12.272
11.937
12.274
11.791
11.408
11.894
11.855
12.997
12.951
12.273
11.935
12.097
11.409
11.602
11.671
11.938
12.502
11.774
11.522
11.571
11.613
11.314
11.658
11.518
11.989
12.031
12.156
12.261
11.592
11.774
11.799
12.681
12.045
11.758
12.123
12.014
12.568
11.302
11.878
11.912
11.932
11.261
11.803
11.583
11.393
11.896
11.772
12.171
11.894
11.875
11.797
12.743
11.794
12.033
12.807
11.878
11.865
13.521
12.673
12.077
11.863
11.628
11.519
11.994
11.612
11.887
11.614
12.173
11.548
11.613
11.647
11.383
12.204
11.778
11.673
12.463
12.325
12.095
11.859
11.387
12.751
12.009
11.783
12.063
11.889
13.149
12.775
11.944
12.886
12.346
12.185
12.604
13.304
13.155
11.989
11.976
11.888
11.606
12.501
12.139
12.119
11.708
12.181
11.379
11.519
11.718
11.809
11.621
11.432
12.162
11.582
11.595
11.732
11.048
12.606
11.427
11.727
11.698
11.473
11.761
11.189
11.708
12.322
12.041
12.047
12.305
11.653
12.586
11.611
12.177
11.729
11.523
12.654
11.448
11.637
11.286
12.503
12.734
12.256
11.902
13.428
12.806
11.661
12.02
12.755
12.056
12.048
11.778
11.566
11.227
12.049
11.993
11.802
11.331
11.835
11.844
11.634
11.31
11.956
11.842
11.572
12.381
11.574
12.889
15.36
12.052
11.768
12.66
12.455
13.719
12.434
12.64
12.097
11.775
12.279
12.028
12.776
12.724
13.559
13.063
12.245
13.439
12.039
11.875
12.266
12.873
12.672
12.032
11.967
11.725
13.385
13.037
12.323
12.699
12.591
12.408
12.427
12.442
12.285
12.431
12.96
12.503
12.847
13.218
12.728
12.609
12.198
11.716
11.645
11.694
12.01
11.624
11.792
11.738
11.593
11.858
11.928
11.691
12.166
11.973
12.266
12.999
12.143
12.305
13.61
12.393
12.111
12.407
11.86
11.818
12.201
11.959
11.858
12.623
11.609
11.758
12.356
12.743
11.699
11.73
11.777
12.227
11.944
12.408
12.186
13.074
12.327
11.755
12.029
13.27
11.791
11.871
12.304
11.95
12.279
11.473
11.431
12.629
11.711
12.306
12.575
12.753
12.008
12.232
12.007
11.75
12.224
11.842
11.931
11.734
11.56
11.598
12.618
12.843
12.647
12.312
11.797
12.217
11.833
11.974
12.1
12.289
12.801
11.979
11.902
14.121
12.605
12.088
12.21
12.634
11.972
12.421
12.422
11.905
11.836
11.753
12.04
12.25
13.201
11.885
12.501
11.632
12.082
13.037
12.02
12.42
11.975
11.957
12.082
11.398
11.746
11.878
11.881
12.317
11.727
12.318
11.603
11.636
11.786
11.588
11.67
11.327
11.618
11.65
11.45
11.6
11.682
11.356
11.617
13.809
11.97
12.965
12.188
