18.039
13.624
13.791
13.315
12.35
11.691
12.172
12.481
12.089
11.898
12.135
11.162
11.747
11.361
11.455
11.841
11.885
12.807
12.027
11.787
11.856
11.96
11.115
11.104
11.634
11.215
11.225
11.769
11.286
11.941
11.588
10.845
11.918
11.464
11.579
11.464
11.746
11.518
11.84
11.316
10.861
12.349
11.504
11.834
10.933
10.89
11.58
11.362
11.418
11.488
11.684
11.803
11.069
11.941
12.781
16.531
14.015
12.493
11.923
11.611
12.359
11.962
10.891
10.675
11.482
11.328
11.164
11.432
13.04
11.824
11.831
12.061
11.361
11.573
11.966
11.523
11.796
11.716
12.022
11.883
12.192
12.65
12.891
12.777
12.31
12.281
11.87
11.768
11.721
12.125
11.9
12.311
12.179
12.234
12.053
11.478
11.567
11.64
11.339
11.801
11.465
11.619
11.942
12.032
11.931
12.098
11.872
11.915
11.886
11.828
11.802
11.65
11.782
11.681
11.691
11.773
12.68
11.698
12.075
11.553
11.579
12.357
11.505
11.361
11.474
11.589
11.788
11.758
12.009
11.716
11.579
11.597
11.648
11.936
11.688
11.41
12.054
11.966
11.646
11.719
11.763
11.643
11.552
11.968
12.021
12.175
11.92
11.526
11.584
11.414
11.895
11.511
11.408
11.258
11.662
11.586
11.951
11.347
11.247
11.454
11.526
11.456
11.321
11.137
11.311
14.038
11.872
11.952
13.171
14.078
12.841
12.521
12.848
12.613
11.708
13.426
12.393
11.763
11.774
12.101
11.703
11.74
11.77
11.679
11.009
13.15
11.958
11.916
12.466
11.968
12.454
11.577
11.659
11.705
11.633
11.366
11.473
11.591
11.265
11.369
11.243
11.617
11.266
12.186
11.859
12.115
11.577
11.68
11.809
11.546
11.359
11.907
11.562
11.552
11.371
11.485
11.491
11.392
12.777
11.767
12.425
11.985
12.356
11.54
11.559
11.773
11.525
11.61
11.582
11.165
11.686
11.621
11.08
11.322
11.364
12.366
12.494
12.208
12.409
12.581
11.943
11.477
11.375
11.374
11.508
12.773
12
11.799
11.523
14.336
12.08
11.561
11.544
12.251
12.449
12.006
12.195
12.059
11.822
11.659
13.203
11.632
11.427
12.486
12.862
12.756
11.633
11.717
11.977
12.201
13.01
11.674
12.388
11.632
11.313
11.317
11.253
11.663
11.39
11.622
11.594
11.828
11.735
11.537
11.656
11.298
11.352
11.503
11.277
11.47
11.485
11.343
11.394
11.346
11.25
11.256
11.157
11.149
12.1
11.115
11.758
11.306
11.626
14.033
11.919
13.003
12.233
12.296
11.564
11.336
11.799
11.666
11.846
11.162
11.887
12.899
11.625
11.389
11.475
12.068
11.934
12.053
12.031
11.865
12.161
11.418
11.472
11.557
11.041
11.058
11.811
11.063
11.381
11.356
13.246
11.798
11.593
11.712
11.114
10.892
11.177
12.453
11.248
12.492
12.134
12.54
11.679
11.671
11.596
11.189
11.734
12.11
12.163
11.38
11.682
11.653
11.143
11.304
11.536
11.366
11.294
11.26
11.406
11.256
11.444
11.593
11.445
11.619
11.847
12.84
11.817
12.212
11.717
11.654
11.693
12.389
11.539
11.317
11.408
11.377
11.425
11.412
11.491
11.519
11.543
11.77
11.91
11.228
11.508
11.362
12.029
11.737
11.635
11.391
11.866
12.224
11.099
11.848
11.227
11.648
11.421
11.585
11.678
12.063
11.791
12.773
11.907
11.93
11.483
11.572
11.521
11.443
11.207
11.365
11.165
11.397
11.628
11.372
11.691
14.522
12.332
11.622
11.859
11.683
11.849
11.719
12.193
11.607
11.467
11.495
13.632
12.85
12.726
12.037
11.521
11.658
11.603
12.085
11.966
11.596
11.671
11.495
11.904
12.242
11.686
11.625
11.706
11.552
11.374
12.917
13.11
11.782
12.398
11.634
11.661
11.335
11.498
11.584
11.268
11.421
11.46
12.129
11.388
12.151
11.685
11.602
11.704
11.606
11.725
11.372
11.648
11.604
11.723
12.277
11.4
13.518
12.072
12.473
11.951
11.411
11.956
11.542
11.592
11.235
11.639
11.477
11.482
11.294
11.529
11.549
11.487
11.883
11.962
12.283
12.11
11.536
11.403
11.37
11.373
11.185
11.628
11.556
11.335
12.01
13.681
12.759
11.816
11.741
11.544
11.899
11.957
11.683
11.527
11.414
11.778
13.877
11.698
11.73
13.326
12.078
11.958
11.593
11.645
12.003
13.969
12.4
11.971
12.524
11.507
11.457
11.465
11.503
11.558
11.493
11.478
12.009
12.609
11.653
11.395
11.371
11.415
11.793
11.682
11.511
11.465
11.379
11.489
12.06
12.167
11.623
11.563
11.577
11.587
11.625
11.509
11.781
11.311
11.918
12.349
12.005
12.126
11.819
11.664
11.822
12.329
11.404
11.515
11.477
11.29
12.225
12.558
13.12
12.697
12.629
12.35
12.646
12.074
11.925
12.372
12.003
11.759
11.246
11.188
11.516
12.055
11.562
12.489
11.566
15.002
12.034
11.771
11.874
11.643
11.489
11.509
11.318
11.238
11.43
11.43
12.134
11.899
12.63
12.188
12.824
13.205
12.886
12.216
11.859
12.115
13.101
11.966
11.471
11.471
11.698
11.53
11.553
11.279
11.534
11.216
11.667
11.498
11.75
11.743
11.663
11.431
11.867
11.654
12.314
11.738
12.441
11.557
11.502
11.425
11.64
11.252
11.216
11.466
11.882
11.265
11.272
11.573
11.602
11.585
12
12.077
11.733
11.885
11.993
11.531
12.253
12.163
12.081
11.945
11.83
11.888
11.365
11.58
11.373
11.471
11.327
11.196
11.703
11.707
12.114
12.385
11.655
11.485
11.626
11.34
11.233
11.517
11.951
11.394
13.741
12.131
11.773
12.688
12.289
12.519
12.289
12.498
11.92
11.549
11.306
12.138
12.393
11.452
11.158
11.939
12.184
12.038
13.619
12.247
12.183
12.76
12.309
11.5
11.569
11.842
11.808
11.651
11.59
11.889
12.461
11.828
12.953
12.006
11.942
11.894
11.705
11.775
11.246
11.737
11.199
11.566
12.411
12.187
11.71
11.414
11.737
12.257
11.775
11.747
12.505
11.505
11.533
11.586
12.459
12.168
12.492
12.513
12.642
11.958
12.103
11.81
11.789
11.618
11.564
11.963
11.757
12.28
11.812
11.572
11.241
11.652
11.53
11.91
12.519
11.762
13.301
11.735
11.974
11.618
11.858
11.956
12.09
11.944
14.506
11.892
11.802
11.925
11.704
11.501
11.461
11.303
11.572
12.044
11.288
12.269
12.231
11.609
11.926
11.597
11.717
12.377
12.152
11.541
13.635
12.946
13.052
12.464
12.807
11.463
11.901
11.527
11.476
11.304
11.369
11.63
11.554
11.279
11.615
12.595
11.792
11.504
11.314
11.707
11.513
11.591
11.774
11.933
11.454
11.411
12.906
11.798
12.447
11.931
11.554
11.642
11.475
11.548
11.575
11.632
12.853
12.404
12.028
11.963
11.489
11.68
11.405
11.557
12.224
11.926
11.535
11.379
11.257
11.749
11.871
12.797
11.924
13.436
12.746
13.37
11.741
11.725
11.882
12.351
11.73
12.28
11.777
12
15.236
11.966
11.548
11.71
12.006
11.649
11.416
11.395
11.434
11.575
11.707
13.051
11.91
12.147
11.627
11.594
11.707
11.871
12.227
11.736
12.325
12.475
12.09
13.086
13.282
12.561
13.169
12.118
12.117
11.787
11.595
11.565
11.549
11.92
11.552
11.538
11.562
11.983
11.79
12.695
12.657
11.726
11.625
11.728
11.774
12.094
12.2
13.27
11.796
11.849
11.586
11.341
11.835
11.517
11.776
12.195
11.964
11.576
11.75
11.67
11.738
12.323
12.64
11.868
12.054
11.876
11.828
11.852
11.497
11.886
11.645
11.676
11.655
11.524
11.364
11.512
11.394
11.395
11.976
11.54
12.194
12.098
11.276
14.12
12.868
11.539
11.894
11.702
12.28
12.14
11.75
12.385
11.579
11.793
12.893
13.81
11.598
11.541
11.517
11.659
11.544
11.467
11.378
11.465
12.093
12.978
11.657
11.94
11.882
12.626
13.269
13.162
13.104
12.837
11.998
11.666
11.909
12.182
12.176
11.738
11.457
11.524
11.721
11.637
11.481
11.973
12.104
11.683
11.358
11.332
11.695
11.901
11.58
11.738
11.715
11.573
12.431
11.62
11.918
11.848
11.806
11.92
11.557
11.922
11.714
11.793
12.736
11.688
11.736
11.323
12.076
11.76
11.53
12.146
11.625
11.617
11.708
11.379
11.658
11.897
12.442
12.124
12.178
12.311
12.35
11.985
12.799
12.788
12.394
12.367
11.711
11.633
12.821
12.446
11.499
11.522
11.771
11.487
13.793
11.753
11.463
11.446
12.666
12.137
12.099
11.528
11.978
12.476
11.907
11.832
11.86
11.64
11.438
11.569
12.278
12.668
12.727
12.122
11.501
11.513
11.736
11.422
12.237
11.476
11.227
11.252
11.225
11.409
13.075
11.503
11.239
12.376
11.775
11.673
11.644
11.862
11.977
12.152
11.269
12.241
12.198
12.011
11.543
11.338
12.226
12.016
11.428
11.573
11.534
11.511
11.565
11.455
11.34
11.275
11.72
11.732
11.47
11.276
10.998
11.346
12.311
12.257
12.71
12.665
11.535
11.707
11.656
11.634
11.487
11.515
11.338
14.829
11.652
11.823
12.411
11.542
11.764
11.592
11.535
11.541
11.343
11.822
13.44
12.335
13.386
11.831
12.222
12.094
11.808
12.414
11.623
11.514
12.861
12.093
11.483
11.344
12.235
12.555
11.675
12.098
12.483
12.454
12.232
11.868
11.94
11.592
12.111
11.818
11.604
11.72
11.432
12.331
11.651
11.728
11.736
11.926
11.704
11.676
11.742
11.745
12.268
12.241
12.098
11.331
11.748
13.035
11.81
11.64
11.672
11.998
11.885
12.31
13.076
12.061
12.092
12.348
12.09
11.614
11.951
12.826
12.234
12.126
11.648
12.341
12.557
11.67
12.163
11.831
12.067
12.668
12.51
11.989
12.086
13.551
12.755
11.793
12.196
12.364
11.885
12.193
12.257
12.566
13.515
13.817
13.629
12.995
12.492
11.963
11.823
11.681
11.448
11.84
11.93
11.84
11.434
11.396
12.076
11.739
11.409
11.533
11.862
12.408
12.636
12.409
12.868
12.07
12.399
12.34
11.845
13.246
12.687
11.937
11.629
12.038
11.753
12.092
11.507
11.422
12.36
11.482
11.794
11.862
11.404
11.745
11.615
11.677
11.878
11.524
12.078
11.862
11.945
11.794
11.534
11.78
11.532
11.89
11.699
11.48
11.68
11.803
11.321
12.304
11.766
11.606
11.733
11.45
11.673
11.637
11.527
11.502
11.6
11.593
11.874
12.875
