49.185
47.986
45.157
42.744
42.636
42.48
43.783
40.882
42.815
48.306
47.341
45.8
44.216
44.475
42.291
43.507
42.992
42.873
41.662
40.733
41.343
41.752
41.502
40.592
40.39
41.748
42.243
45.528
42.12
42.352
44.793
44.685
43.338
41.583
40.495
42.006
40.645
41.961
41.463
41.804
40.179
44.145
42.602
40.961
40.507
41.022
43.201
43.708
42.747
41.262
41.521
41.066
40.823
40.646
40.25
43.733
45.091
43.207
41.906
41.94
41.162
40.622
41.654
41.863
40.652
40.132
41.722
40.727
41.019
39.861
44.037
40.673
41.474
42.037
40.76
40.642
40.94
41.969
41.082
44.952
42.761
41.938
39.988
41.573
41.902
41.17
42.75
42.927
40.83
39.993
40.754
41.695
42.322
40.103
41.062
43.548
41.231
40.734
41.8
41.398
41.117
46.051
41.624
45.82
41.186
41.102
40.141
40.884
41.897
42.264
40.665
43.035
41.693
41.56
40.625
40.633
40.413
40.384
40.392
40.266
40.735
40.886
41.637
40.806
40.812
40.531
39.935
46.601
41.693
40.582
40.176
39.687
41.187
40.672
42.015
41.273
43.306
40.321
40.611
41.049
41.101
40.949
41.063
41.102
41.592
41.18
40.623
40.987
40.871
41.197
41.337
45.805
41.069
40.166
40.556
40.042
41.3
42.074
41.383
40.994
42.674
40.802
40.124
40.751
41.574
40.778
40.276
40.565
41.125
40.697
43.134
42.68
40.724
41.423
41.897
43.223
41.366
40.091
39.927
41
42.552
45.994
41.156
39.566
39.845
42.681
40.786
42.625
40.642
40.943
41.04
40.551
40.669
41.35
41.2
40.486
41.282
40.849
39.929
45.886
43.231
42.577
41.989
39.773
40.478
42.964
41.643
40.032
39.724
41.203
41.083
40.724
39.721
40.133
42.383
40.834
41.159
40.487
41.498
40.737
41.68
41.753
41.603
42.112
41.139
41.016
40.618
40.811
42.317
41.725
40.567
40.58
41.078
40.593
41.752
41.67
40.149
40.485
41.028
40.719
42.176
40.437
40.339
42.343
40.423
40.353
49.059
43.579
41.024
40.707
41.083
40.694
39.89
39.947
42.512
40.425
40.747
40.888
41.51
42.489
42.521
40.432
40.197
40.67
41.449
40.844
40.557
41.702
39.973
42.365
42.462
43.482
42.895
41.044
40.455
40.281
40.128
40.87
41.042
41.49
40.396
39.935
41.134
40.706
42.963
39.753
40.138
40.105
40.681
40.855
40.701
40.206
40.169
40.213
40.018
41.069
43.318
42.013
43.066
42.437
40.128
43.149
40.86
42.473
41.318
41.076
40.319
42.363
46.228
41.137
40.253
39.729
41.787
41.729
42.08
41.332
41.117
41.084
45.278
40.867
46.817
41.462
40.239
40.544
41.187
40.633
40.663
41.734
40.887
40.381
41.263
40.228
41.451
43.116
41.386
40.318
40.889
41.02
40.203
41.275
40.504
41.597
40.881
40.408
45.718
41.722
40.568
40.592
40.839
41.083
41.454
40.974
40.631
40.244
40.044
40.408
40.418
40.91
41.789
42.609
42.495
41.553
41.011
41.396
43.986
39.863
40.59
41.985
45.576
43.121
42.477
40.423
40.045
41.893
40.959
40.644
40.785
42.233
40.031
40.602
40.81
40.007
40.091
43.036
41.053
41.617
40.141
41.106
42.288
40.29
42.117
41.487
43.655
41.963
39.283
39.986
41.461
40.07
40.63
41.156
40.351
43.692
42.326
41.212
40.442
40.104
39.88
41.562
43.461
43.802
42.909
42.628
42.236
41.188
41.695
40.261
45.897
42.882
44.184
41.716
42.246
42.626
42.769
41.49
43.241
42.5
42.104
41.913
41.926
40.877
41.567
42.169
44.893
43.032
40.984
42.58
41.287
40.892
40.574
43.51
41.733
43.835
42.17
47.284
52.034
51.808
49.865
46.051
45.208
50.226
50.15
49.075
47.81
43.884
44.218
42.772
43.381
43.447
42.654
42.112
42.559
45.19
43.129
44.119
43.646
48.753
48.358
48.558
48.414
48.063
48.564
48.218
48.388
48.441
48.058
48.137
48.692
47.833
47.196
46.067
42.34
41.103
43.638
44.412
43.674
47.327
47.794
48.056
47.286
45.924
49.074
46.742
48.538
48.372
41.612
42.229
42.974
44.259
43.262
44.007
41.458
42.992
41.35
42.056
45.623
43.144
43.139
44.511
44.77
45.563
46.686
47.388
46.575
43.531
45.415
48.362
45.515
41.536
43.012
44.035
42.823
43.15
43.545
43.626
42.157
41.094
40.809
46.193
42.173
42.511
41.762
41.733
41.248
41.463
41.258
42.073
41.429
41.609
42.735
43.115
42.322
42.058
42.293
41.48
42.189
42.284
45.008
42.852
42.223
42.358
44.418
45.286
48.432
44.26
41.616
45.06
43.356
42.342
42.599
41.899
41.246
42.647
44.021
41.68
42.923
40.807
42.668
48.237
42.622
42.422
44.901
43.062
42.029
44.547
41.624
41.743
41.81
41.15
42.659
42.496
41.048
41.339
42.061
41.106
42.719
44.283
44.273
41.912
44.004
44.124
42.676
41.843
41.921
43.181
42.28
42.583
44.646
43.51
41.211
41.899
41.073
42.619
43.123
43.424
44.638
44.149
42.333
41.216
43.085
42.314
40.779
41.437
41.899
40.605
40.767
43.832
41.446
43.303
43.244
44.488
46.662
44.076
41.9
40.59
43.543
41.251
43.066
42.827
42.066
41.939
41.356
41.998
43.142
42.485
41.7
40.485
42.264
41.344
43.775
41.66
41.163
43.698
42.004
44.648
42.36
42.41
41.21
41.369
41.637
42.046
42.185
40.776
40.947
42.048
42.626
40.953
41.849
42.921
42.03
43.208
44.603
44.203
43.861
44.987
48.361
50.06
50.888
49.163
48.508
49.27
48.066
50.012
46.023
46.231
46.122
46.577
46.921
48.428
48.534
49.086
48.36
63.913
55.175
61.128
49.902
49.096
47.778
48.931
42.383
42.812
42.999
45.073
42.785
42.786
42.094
42.091
43.447
43.674
43.915
43.093
41.751
44.615
43.175
43.018
43.524
42.483
42.141
43.247
46.316
43.261
42.925
42.466
43.848
48.006
45.308
41.436
42.483
44.432
41.638
43.007
41.019
41.856
43.786
42.369
43.248
43.459
41.713
41.225
41.651
43.005
44.732
47.219
46.114
47.275
46.052
47.587
48.928
49.382
51.906
51.416
50.843
48.976
47.661
44.38
44.695
46.461
46.629
48.79
48.703
49.612
50.535
49.063
49.658
45.264
43.336
42.33
44.897
44.254
43.823
43.391
42.964
44.146
44.12
41.979
43.141
41.233
43.234
42.902
42.24
43.011
47.035
48.235
48.203
47.778
48.685
48.254
48.451
48.651
47.991
48.472
48.167
48.15
48.378
48.23
48.512
44.66
44.019
43.687
44.581
43.547
43.672
43.13
43.177
46.146
45.103
46.848
48.489
48.267
48.536
48.699
49.024
51.264
48.704
48.705
48.206
49.431
43.839
42.472
42.772
41.926
42.783
42.298
42.994
43.346
43.465
41.788
45.715
46.978
43.327
42.918
44.133
45.307
43.681
43.704
42.892
43.231
43.871
45.283
45.021
43.776
43.463
43.253
42.623
44.086
42.639
44.289
45.076
44.505
43.714
45.377
47.074
45.377
43.9
41.633
44.137
41.265
40.901
43.648
42.744
41.636
41.476
41.877
45.047
42.842
41.456
41.808
44.57
41.427
40.954
41.295
41.656
41.771
41.942
44.527
44.36
42.785
42.013
41.48
44.328
44.943
43.264
42.716
42.441
41.183
40.882
42.181
41.75
43.427
42.961
42.612
42.243
40.96
41.481
42.03
42.668
42.071
45.913
42.553
41.897
42.574
42.422
43.033
45.359
43.031
43.056
43.217
42.416
42.156
44.602
44.293
43.681
46.331
47.569
46.185
43.172
45.249
43.104
44.67
42.421
45.193
42.941
42.707
42.172
42.759
48.255
48.739
48.227
49.349
48.629
46.759
47.629
46.646
42.712
44.479
46.391
46.019
45.158
44.129
44.025
44.662
43.29
47.209
46.97
47.305
43.243
44.377
45.334
45.867
45.889
45.568
47.372
47.398
44.736
41.93
44.042
47.19
47.027
43.499
44.34
44.858
44.916
45.268
43.634
46.497
45.782
48.697
49.973
48.557
48.884
48.497
48.949
48.065
48.394
47.226
49.331
48.531
49.247
55.8
49.632
49.752
48.941
50.846
48.394
48.4
48.871
48.072
48.117
47.691
48.027
48.454
47.877
48.085
47.389
47.887
47.435
48.342
49.709
49.188
51.035
50.984
49.903
46.345
46.918
44.176
45.746
46.037
49.388
50.923
47.844
47.884
44.965
45.038
46.141
45.61
47.907
