129.06
124.674
121.469
121.474
123.575
116.248
116.925
119.145
119.409
119.892
118.498
116.731
124.947
123.78
120.361
122.156
122.908
126.505
123.811
121.73
123.058
117.981
118.61
122.035
123.364
119.368
118.72
119.973
121.366
121.38
120.35
115.397
116.247
120.622
118.994
116.365
116.83
118.865
119.081
127.12
117.823
117.705
115.208
119.106
118.124
116.359
117.957
119.597
121.613
121.227
120.305
123.988
120.15
117.306
121.486
115.865
114.322
116.01
115.696
115.288
115.709
117.341
117.691
117.154
118.997
118.546
117.078
116.487
111.494
119.548
116.4
119.687
119.854
119.434
118.799
117.071
115.03
115.713
118.006
121.531
119.544
117.219
117.025
118.917
121.116
117.287
118.304
115.863
120.412
117.29
117.4
115.905
118.211
117.231
117.39
123.667
118.77
119.386
126.435
116.742
116.642
120.371
118.28
120.054
117.334
117.874
120.436
119.385
130.285
136.872
126.464
119.186
116.975
127.097
116.652
116.587
117.096
113.21
115.062
113.963
115.485
124.892
117.373
115.651
115.844
118.35
120.505
115.496
120.273
117.646
119.017
119.413
117.345
117.49
114.961
118.653
115.518
117.35
121.404
116.464
113.085
115.288
115.265
115.457
119.87
124.073
127.617
125.386
117.243
117.622
120.566
120.413
118.493
120.18
120.877
123.262
118.337
116.463
117.787
119.752
119.476
119.963
118.094
115.799
123.126
117.116
117.713
116.728
120.782
114.608
116.572
115.047
120.572
117.803
122.388
135.216
131.741
130.493
151.328
117.722
127.963
130.37
120.035
115.48
117.877
118.576
126.075
125.419
124.276
120.213
118.154
119.165
121.209
121.908
129.176
116.265
120.474
116.235
118.718
113.4
114.596
120.825
113.691
119.709
118.369
119.383
117.736
115.105
114.965
114.864
116.22
118.848
117.043
119.365
120.974
117.068
119.383
115.74
115.77
114.334
115.284
115
120.525
117.335
113.394
117.045
115.134
117.674
114.575
116.617
117.944
116.776
118.922
118.321
118.122
115.857
114.647
119.154
115.183
127.9
119.785
115.583
121.262
114.902
116.106
123.365
132.349
123.817
121.42
119.535
118.171
119.096
134.494
126.789
116.532
115.85
119.041
120.232
116.619
119.806
118.857
129.081
128.415
136.258
132.094
119.538
123.898
130.741
128.67
124.534
125.503
131.061
126.232
122.186
130.352
131.186
131.034
130.454
129.989
128.188
131.347
126.9
116.577
117.653
117.127
121.902
130.865
130.65
125.362
118.545
121.66
120.818
120.059
115.599
115.006
116.444
118.213
116.182
113.679
114.541
113.628
119.096
115.693
118.055
119.841
118.623
117.629
115.329
116.545
117.449
114.939
115.74
117.291
120.505
115.612
114.38
116.474
114.9
118.278
115.227
117.285
118.624
119.342
114.498
116.108
120.022
114.475
116.119
116.254
114.719
119.515
118.105
115.481
120.861
116.811
124.169
120.167
121.604
121.602
119.784
119.496
119.038
120.121
120.533
122.353
119.492
118.083
126.163
121.721
117.253
117.394
119.401
123.612
122.719
117.336
121.119
120.208
118.806
115.103
114.653
114.94
116.868
116.492
116.523
120.651
115.915
116.241
118.048
116.783
114.976
116.685
115.855
120.959
117.62
115.627
117.912
114.861
115.823
115.13
118.811
114.053
117.614
116.407
116.731
115.534
115.564
114.36
112.937
119.191
119.269
117.676
119.597
115.499
117.807
115.428
113.241
124.266
118.51
123.09
117.852
116.011
117.232
115.556
119.079
116.619
116.709
123.155
115.722
116.609
115.323
117.337
125.464
120.911
115.737
118.775
118.878
118.778
117.52
118.83
118.821
123.097
123.446
122.092
128.6
122.409
118.502
120.818
115.571
115.699
115.263
117.419
118.21
117.353
116.41
115.754
121.581
122.813
114.797
117.642
116.552
120.525
116.622
114.713
114.773
117.015
114.767
119.193
116.501
116.412
119.397
116.16
114.559
116.812
117.627
112.784
117.352
119.291
121.184
115.572
113.769
115.755
116.342
122.26
116.811
117.22
115.92
120.412
115.932
119.403
114.905
115.409
116.131
115.73
114.878
117.943
118.012
113.568
117.052
116.373
117.64
116.33
115.411
116.019
120.003
118.16
