114.325
107.814
105.585
105.493
107.222
105.637
106.895
103.935
102.011
103.779
108.291
107.175
103.723
104.295
101.956
105.317
103.854
104.49
106.115
105.139
102.724
106.992
103.693
103.604
106.547
103.908
106.012
106.337
105.213
102.005
103.936
101.605
103.606
103.421
106.796
102.182
102.35
102.744
105.444
107.216
102.34
103.222
106.142
104.703
106.178
101.846
106.904
108.172
107.65
102.287
103.593
103.772
101.953
102.708
102.204
102.701
104.476
103.189
99.461
100.504
103.424
104.552
104.117
104.338
99.872
102.904
100.563
102.045
102.549
100.689
101.662
104.674
107.249
104.079
101.463
106.46
102.677
103.755
103.11
103.884
101.813
103.817
104.67
100.251
104.45
109.993
103.777
101.211
104.234
105.815
105.834
104.96
103.944
99.895
102.205
106.267
111.681
114.597
116.671
115.266
112.911
114.25
111.444
105.815
102.163
102.484
101.329
101.421
106.215
102.681
104.325
104.213
102.794
102.492
101.246
99.602
100.776
104.966
102.417
102.175
107.31
103.201
100.867
103.375
104.077
117.21
108.38
102.086
103.624
103.827
104.115
104.832
105.71
103.957
104.304
103.732
106.836
104.096
106.662
114.103
109.456
105.905
105.715
105.415
104.68
105.672
108.509
117.852
107.468
108.387
113.936
114.264
119.788
122.979
117.933
113.66
113.721
114.724
132.708
111.995
114.79
113.503
125.753
118.972
162.289
116.179
107.396
106.612
112.181
112.946
115.319
112.845
113.185
112.975
110.432
107.235
111.761
112.999
114.427
112.716
114.392
116.131
111.23
108.925
108.776
106.08
107.485
108.297
105.692
106.71
106.822
108.698
106.428
106.81
104.898
109.65
106.159
103.853
106.418
119.115
119.896
119.873
112.311
117.321
114.969
113.811
109.277
107.153
104.28
107.067
107.985
104.486
105.762
107.434
115.613
111.755
109.708
104.416
103.771
106.751
104.139
105.147
107.866
106.586
107.536
112.023
112.752
116.891
108.463
111.842
106.744
109.024
108.565
107.348
107.608
114.203
110.415
113.027
119.012
112.982
114.459
112.896
108.686
107.319
107.967
104.304
107.674
102.999
102.832
102.472
106.378
104.281
103.187
102.194
104.34
103.442
107.456
103.798
103.89
105.175
107.267
104.83
104.207
103.08
102.538
102.903
101.864
107.471
102.389
103.497
103.978
105.016
102.965
106.789
101.089
106.137
103.086
101.316
102.028
104.773
102.376
103.929
104.677
104.432
107.062
112.063
102.203
103.689
102.173
104.91
104.766
110.644
112.622
110.236
113.737
102.551
109.721
104.574
103.961
102.61
103.615
108.273
111.22
125.034
113.136
106.751
100.341
102.77
101.793
104.289
107.827
115.012
113.753
108.506
105.97
107.463
103.975
104.13
116.799
116.165
112.909
110.058
101.651
102.479
104.886
105.685
114.73
108.123
155.48
123.277
117.343
113.045
112.437
115.179
113.807
106.855
105.688
113.341
112.443
112.771
107.214
110.155
112.467
105.274
111.06
112.344
113.409
111.072
105.893
112.438
108.399
106.784
106.066
103.43
105.717
106.217
106.123
105.542
108.794
106.573
111.6
110.122
115.631
120.491
109.936
133.621
139.392
147.879
134.65
107.913
103.317
103.975
106.439
107.527
106.099
109.183
105.055
104.933
107.533
104.131
101.223
101.832
102.105
104.14
109.236
108.499
105.759
104.225
103.016
104.684
104.166
103.006
103.479
100.734
105.945
103.047
101.898
106.309
104.036
100.664
101.244
105.678
103.252
103.51
105.04
102.987
102.449
104.016
101.21
101.202
101.072
103.152
105.67
104.931
105.963
103.873
101.17
101.87
103.349
100.737
100.62
103.151
102.572
105.846
107.861
101.708
103.485
106.586
104.65
101.044
103.762
102.075
102.616
104.325
103.055
101.102
106.019
102.124
100.955
102.003
101.112
103.045
103.981
102.683
105.57
103.722
102.089
104.473
110.203
102.734
102.89
103.309
104.049
107.273
102.111
101.91
104.485
102.506
99.872
101.394
103.862
101.157
108.736
102.596
103.273
105.433
102.91
102.082
100.637
102.161
104.777
105.03
104.491
100.974
106.279
101.728
102.109
103.42
101.863
103.362
101.783
105.934
102.836
102.172
103.762
102.244
102.384
102.47
103.789
103.907
101.488
106.095
101.643
102.218
106.16
102.325
101.176
103.797
104.343
102.663
103.679
106.194
101.721
101.611
103.027
102.289
104.958
100.814
103.154
101.893
104.809
104.158
99.369
102.822
102.966
102.589
103.637
100.475
105.438
102.032
104.26
100.544
101.714
103.027
99.864
102.373
102.54
101.283
103.54
99.846
104.264
103.681
100.338
101.245
103.116
99.634
100.748
99.307
100.873
99.426
105.757
99.272
98.781
102.211
101.394
99.582
104.507
101.159
101.487
99.484
104.113
103.117
104.648
101.819
104.55
102.032
101.092
102.794
103.868
108.059
101.757
100.722
100.501
103.835
104.735
99.898
100.686
101.768
99.925
104.286
104.07
106.138
109.538
111.025
111.94
113.354
106.104
103.124
102.225
103.247
101.708
104.41
103.199
104.063
100.95
100.065
101.331
101.907
105.552
101.52
101.308
100.232
103.867
105.012
101.376
102.932
102.471
100.093
106.317
101.959
101.725
105.658
