16.328
16.342
15.957
16.552
19.84
18.345
20.32
16.551
19.862
16.135
16.697
21.015
18.206
47.924
15.929
14.596
14.443
13.979
14.07
14.303
13.835
15.824
16.047
15.685
14.815
15.932
15.83
16.483
15.892
15.317
16.014
15.849
15.013
14.607
14.395
15.774
15.303
15.794
15.875
15.253
15.911
15.877
15.812
15.844
15.873
14.992
14.541
15.762
15.582
15.927
18.833
17.368
20.837
14.914
14.55
15.963
15.917
14.969
14.727
14.288
14.763
14.967
15.816
15.84
15.554
15.222
15.224
16.798
20.125
20.711
15.016
14.788
14.663
14.817
13.849
14.108
14.707
15.312
15.728
15.27
15.139
15.297
14.939
16.085
16.672
16.471
16.003
15.995
15.836
16.146
16.539
16.461
16.267
16.371
16.662
16.201
15.908
15.917
16.055
15.947
15.876
16.051
16.361
16.105
16.141
15.766
15.483
15.817
15.244
15.565
15.272
15.224
14.137
14.535
14.625
13.868
15.587
14.236
14.336
14.421
13.748
13.926
13.818
13.589
14.11
13.731
13.795
13.929
15.08
15.408
14.428
13.919
14.224
14.189
15.808
15.887
15.772
14.845
14.4
15.304
14.521
18.13
17.484
15.378
14.025
14.458
18.466
15.209
14.525
14.326
13.905
17.749
15.893
17.134
16.907
14.521
14.728
13.782
13.98
21.146
17.841
15.076
14.541
15.596
15.016
16.325
19.364
18.099
16.292
15.514
15.574
15.055
14.75
16.061
14.931
15.407
15.511
14.962
15.153
14.595
15.337
15.25
15.508
15.204
16.562
15.637
14.754
16.346
15.356
15.084
15.247
15.098
15.839
15.723
15.491
15.03
14.526
15.54
15.107
14.186
15.542
15.247
15.971
15.783
15.985
16.6
16.282
18.143
17.313
16.025
16.084
15.865
16.348
16.355
15.958
18.035
17.226
18.451
17.236
18.111
16.959
17.099
17.051
16.996
16.81
16.586
17.714
19.002
16.738
16.712
16.628
16.081
16.014
16.211
17.627
18.968
18.134
15.818
16.342
15.911
16.102
15.894
15.322
15.839
15.92
15.592
15.937
15.994
15.857
15.907
15.372
15.909
15.646
15.814
15.86
15.399
15.967
15.915
15.921
17.571
16.322
19.966
16.34
15.493
15.591
15.872
15.867
15.826
16.004
16.471
17.958
16.456
15.865
15.835
15.715
15.514
14.645
15.864
15.829
15.607
15.867
15.821
15.419
15.394
16.022
16.298
16.037
15.836
16.354
16.361
16.629
15.944
16.646
16.655
18.113
17.193
17.123
16.286
16.341
16.051
15.875
16.057
16.023
15.854
15.962
16.02
16.696
15.993
15.875
15.918
16.041
15.87
15.811
15.248
16.541
16.54
15.881
15.884
17.02
16.683
15.875
16.045
15.864
15.866
15.853
15.835
15.757
15.172
14.536
16.202
15.938
19.007
15.929
15.738
15.183
48.376
47.613
28.421
14.346
14.433
15.043
14.883
14.568
14.415
13.942
14.087
14.51
13.913
15.853
15.957
17.269
20.412
19.602
16.612
16.68
16.623
16.684
16.863
16.582
16.239
15.826
15.857
15.935
15.942
15.862
16.024
16.005
16.084
15.909
15.903
16.099
15.91
16.102
16.121
15.941
16.045
16.049
15.893
15.973
16.968
16.598
16.524
15.951
15.956
18.055
17.733
16.843
16.603
16.997
16.434
15.822
17.11
16.53
15.33
15.204
16.004
16.004
15.993
15.62
15.506
16.129
16.165
15.889
15.767
15.947
15.726
15.811
15.329
15.768
15.182
15.248
14.974
14.651
15.861
15.86
15.853
15.873
15.728
15.61
15.142
16.207
15.682
15.29
15.851
15.659
15.017
15.218
14.915
15.958
15.852
15.946
15.837
15.555
15.245
15.83
15.679
15.162
15.879
15.846
15.815
15.429
15.337
14.692
16.362
16.516
18.811
18.313
18.038
15.459
15.796
15.529
16.029
19.693
15.454
15.049
14.649
14.551
15.808
16.472
16.247
16.015
15.899
15.834
15.524
16.728
15.883
15.975
15.79
15.028
15.918
15.195
17.384
15.81
15.874
15.798
15.543
15.808
15.73
14.613
14.174
14.285
13.491
14.648
14.409
15.834
15.696
16.963
16.454
15.754
18.716
16.167
15.806
15.784
15.775
15.82
15.757
15.809
14.782
15.717
15.385
15.432
15.873
15.908
15.811
15.986
15.809
15.848
17.709
20.178
16.646
14.747
14.447
13.927
16.229
15.885
15.81
15.493
14.748
15.798
16.63
19.598
18.714
14.772
14.842
14.715
15.052
15.394
18.487
17.043
18.004
17.953
15.682
15.931
15.88
15.876
16.226
16.561
16.523
16.313
16.491
16.409
16.305
15.986
17.608
16.618
16.011
16.378
15.947
16.652
15.985
15.855
15.897
15.893
15.93
15.695
15.199
15.202
16.167
16.149
17.128
15.833
15.875
15.755
15.913
16.666
15.853
15.776
15.829
15.806
16.374
16.711
17.167
16.678
16.638
16.121
15.868
16.164
18.217
16.169
17.329
15.133
15.349
16.549
15.338
16.444
15.404
15.771
16.028
15.613
14.977
15.822
15.662
14.789
14.353
15.109
14.218
14.404
14.131
14.334
14.806
15.81
17.164
16.05
16.1
15.921
16.89
15.133
14.669
14.712
14.622
15.237
14.583
15.238
15.688
15.206
15.205
15.547
15.604
14.987
15.094
13.996
13.852
13.638
13.956
13.937
15.982
15.91
16.004
15.645
16.728
14.984
15.441
16.04
16.07
15.28
14.751
14.31
14.285
13.781
13.703
15.634
14.691
17.173
15.987
18.346
16.266
13.949
13.984
16.042
15.103
14.89
15.087
14.255
13.449
19.845
16.477
16.202
16.12
16.643
16.098
15.993
16.446
16.761
16.589
16.85
16.698
16.778
16.675
16.269
16.246
16.008
15.996
16.512
16.012
15.941
17.369
18.31
15.428
14.888
15.611
15.978
15.123
14.902
16.488
16.171
16.918
15.495
17.314
15.272
17.312
14.805
14.447
15.64
15.201
13.929
13.715
13.788
13.792
19.138
15.043
15.589
15.691
16.117
15.685
16.078
15.501
15.823
15.306
14.998
15.094
16.438
18.796
14.132
13.991
17.18
15.196
