80.257
76.398
73.241
72.468
70.61
70.841
74.321
72.728
72.269
72.352
73.834
72.411
72.999
73.336
72.478
75.009
74.842
74.373
73.593
72.378
78.338
73.955
74.978
79.424
89.177
87.31
80.385
80.188
80.922
82.628
82.076
81.135
79.635
74.893
73.813
78.019
81.456
80.781
81.035
82.24
80.384
76.348
73.974
73.66
79.566
87.107
81.844
78.178
81.681
79.94
81.173
79.695
78.598
79.282
81.242
78.274
74.128
80.728
80.361
80.852
75.586
75.915
73.04
70.98
79.738
80.025
81.229
80.435
73.217
73.117
75.397
79.777
74.16
71.654
73.286
71.223
70.318
72.532
72.121
71.673
72.847
71.666
73.169
71.541
74.882
71.464
70.706
71.205
71.505
74.106
71.616
71.957
73.67
74.847
73.709
70.607
74.556
76.388
82.609
83.496
82.934
82.09
77.226
70.659
72.118
69.543
71.852
71.417
73.032
70.659
70.529
72.963
70.391
71.354
74.552
71.636
71.138
77.815
79.425
77.221
78.056
74.53
75.769
75.238
76.824
74.546
79.591
77.438
74.126
72.182
71.229
69.341
71.021
69.723
72.097
72.013
72.138
78.096
81.373
79.205
79.858
82.571
81.319
75.143
79.67
79.316
79.37
79.509
73.317
71.205
73.771
76.308
70.538
67.636
72.775
71.465
77.06
81.111
83.743
83.585
80.488
74.634
79.608
82.104
81.38
80.938
78.637
78.439
76.553
71.699
71.773
74.236
75.874
72.548
72.094
73.239
78.137
80.96
80.915
78.533
75.366
81.016
79.707
79.673
79.322
80.048
79.717
75.719
70.342
75.336
77.101
73.469
71.274
71.944
70.374
70.298
80.225
82.105
83.185
81.834
80.399
80.892
80.789
77.373
75.186
75.849
80.933
85.835
86.037
83.475
81.296
82.546
84.304
83.492
84.083
83.977
82.288
81.727
85.068
82.421
73.621
72.532
76.667
75.606
78.556
79.44
81.207
78.766
73.976
78.065
78.918
78.324
80.107
75.704
76.707
80.337
77.729
74.737
75.605
80.013
81.74
80.423
74.779
74.003
75.931
80.147
81.974
81.238
80.487
80.048
75.977
77.261
79.281
80.359
80.614
81.622
80.619
80.703
82.256
81.686
76.336
74.085
74.992
71.108
71.647
79.597
83.254
82.072
82.422
80.603
80.803
79.092
80.475
78.736
80.008
79.411
81.572
79.688
79.673
77.122
73.817
74.355
74.502
72.955
73.205
75.027
71.589
72.931
76.553
74.98
76.508
78.148
75.871
76.064
76.244
72.22
74.336
74.522
69.398
69.464
74.217
74.573
71.795
71.142
74.159
70.284
73.665
74.991
73.591
76.242
75.4
74.128
74.653
73.722
73.031
70.656
76.515
74.35
73.285
69.527
72.317
70.771
69.929
77.306
81.6
81.01
82.262
80.603
78.867
75.78
73.996
74.82
72.435
69.799
71.607
70.858
70.808
69.995
69.635
70.633
70.623
73.976
72.17
70.455
73.078
73.231
69.772
69.84
72.207
71.99
71.963
72.348
73.511
74.787
74.671
71.436
69.229
71.284
72.331
73.275
71.25
69.015
69.299
69.592
71.118
70.417
71.528
71.85
71.571
69.678
71.461
69.765
70.171
76.079
74.435
68.537
68.776
69.388
69.45
68.594
69.667
71.902
69.526
72.947
69.27
68.826
68.274
74.7
70.482
72.655
68.943
68.841
68.543
71.679
69.83
70.125
70.524
70.529
70.667
70.292
71.779
76.594
74.883
76.133
73.638
73.67
72.11
71.057
73.48
72.687
79.327
79.585
79.243
78.677
79.921
78.931
72.136
70.751
72.767
69.728
70.823
71.557
76.112
75.394
73.658
73.476
70.641
70.504
79.489
83.088
83.515
80.508
80.767
80.701
81.046
81.847
87.222
82.949
81.874
78.509
78.803
73.005
73.224
72.185
71.373
80.404
93.713
91.991
90.112
90.363
91.588
81.522
86.664
73.963
76.306
74.129
74.799
72.85
81.866
79.711
82.665
84.461
82.739
80.939
81.376
81.106
74.838
75.674
71.182
74.109
74.434
78.367
79.393
79.831
80.112
78.22
79.37
76.228
72.415
68.679
75.271
72.49
70.74
68.786
73.114
76.023
73.777
71.071
72.732
69.639
70.196
74.63
70.572
69.914
71.822
79.821
80.264
81.601
80.694
75.463
78.893
77.44
77.495
73.368
77.523
70.696
72.884
71.681
71.689
70.788
72.062
75.769
74.748
74.956
75.78
71.61
74.782
76.132
78.387
73.897
71.956
78.021
87.36
85.184
88.06
81.971
79.505
78.489
75.639
69.673
74.43
73.2
69.246
70.437
71.682
73.386
71.64
70.425
70.005
70.053
70.818
71.387
71.242
71.215
73.753
69.726
72.287
72.349
71.086
73.276
73.017
68.467
69.392
70.205
70.484
69.629
70.912
71.676
76.624
78.914
72.622
73.83
79.166
78.986
80.096
78.811
72.316
72.94
76.975
73.49
71.174
73.977
74.167
70.964
70.349
78.881
75.395
74.534
75.235
72.364
75.733
73.364
72.109
71.149
70.431
74.376
73.34
79.841
82.677
82.688
81.097
80.285
77.741
70.562
77.018
77.801
77.485
77.108
79.386
72.956
70.473
73.217
69.195
68.546
69.885
76.696
78.386
76.551
72.783
71.854
73.561
73.057
76.544
73.334
72.179
74.071
72.772
74.962
77.19
80.534
81.342
82.262
80.371
80.145
81.417
82.088
80.906
75.005
70.838
72.482
72.652
72.834
72.619
74.21
75.729
71.269
75.345
73.105
74.325
76.109
75.001
71.563
70.985
71.666
69.527
70.643
72.578
79.297
94.923
84.289
84.264
82.511
78.682
78.531
69.981
69.16
72.716
76.507
77.857
73.703
72.513
80.354
80.117
78.186
79.872
78.645
81.335
83.403
78.86
72.917
72.636
72.758
72.996
71.339
71.189
73.542
75.52
77.686
74.531
74.018
73.394
70.366
70.815
71.804
70.711
70.523
72.035
72.328
