102.63
90.569
85.254
82.683
83.921
84.414
85.008
82.711
89.588
89.538
88.81
86.499
86.644
85.148
84.352
82.214
90.732
84.697
84.665
82.068
89.294
82.847
81.703
80.619
83.756
84.249
82.006
81.854
83.879
83.472
85.177
85.169
89.514
82.53
83.463
85.002
87.749
86.694
81.42
81.421
83.196
80.302
85.376
81.228
86.349
82.5
82.2
82.504
83.951
85.291
82.56
81.246
81.566
81.405
82.237
82.027
88.689
83.682
82.688
82.559
82.331
85.257
88.334
92.811
92.577
95.841
86.49
87.059
85.25
83.568
85.601
81.78
81.975
82.306
81.246
84.141
82.65
85.011
96.551
88.809
84.746
83.084
81.317
80
87.259
84.925
84.105
80.33
83.787
83.279
81.627
89.921
85.262
83.741
82.239
81.491
85.954
81.809
85.268
84.424
82.613
86.712
81.737
87.368
84.249
85.148
84.387
82.596
85.275
83.534
84.64
82.237
84.303
86.834
83.038
87.505
82.769
81.669
81.23
82.199
83.248
82.593
82.255
81.962
82.483
80.897
80.886
88.104
84.941
81.869
81.461
80.12
86.919
80.716
80.35
82.607
82.158
82.031
80.76
86.688
81.65
82.085
82.239
81.963
81.358
80.964
80.577
82.416
82.205
82.779
81.912
84.724
84.02
81.757
85.679
83.156
82.731
83.41
81.342
82.853
87.185
83.019
83.536
87.256
89.368
89.1
91.241
87.537
91.836
91.856
99.588
103.378
98.823
100.205
106.605
103.361
102.681
96.945
95.036
99.456
89.701
88.834
89.3
89.221
84.73
83.398
85.665
81.347
84.314
81.892
83.268
90.091
82.144
82.485
84.993
82.503
85.298
85.203
85.046
82.708
83.334
85.301
82.687
82.169
82.362
84.615
90.966
89.105
87.614
83.626
85.468
83.475
84.708
81.736
84.961
85.439
85.613
84.77
86.25
84.365
88.526
85.096
86.466
88.193
85.866
84.94
86.304
82.557
83.519
86.45
86.504
86.204
86.175
83.202
85.4
83.615
87.296
84.635
83.399
81.836
84.642
83.039
85.327
87.158
86.269
82.525
86.079
84.653
85.363
83.379
87.445
84.413
83.432
83.501
87.601
86.8
83.672
84.882
86.815
82.858
82.176
82.998
88.688
80.837
86.291
83.054
82.305
86.647
88.465
83.667
81.91
83.249
85.454
82.941
81
81.713
84.134
83.198
84.146
90.388
85.343
82.857
86.191
84.467
86.225
84.374
85.319
85.229
85.959
81.763
88.734
99.626
97.661
90.29
84.272
83.237
83.485
85.045
85.522
84.878
86.201
85.21
87.788
87.243
84.027
83.573
86.253
86.392
82.972
82.071
81.479
83.814
84.88
82.326
89.749
85.738
82.487
82.555
88.968
82.436
83.188
84.377
86.437
84.319
85.477
86.861
90.755
89.455
88.481
96.434
88.482
87.476
86.318
83.958
87.431
91.239
104.217
101.488
99.069
101.8
100.143
98.111
98.995
96.64
88.795
84.207
85.401
86.333
86.842
85.897
87.24
87.522
90.051
97.346
97.35
92.471
97.639
95.938
96.65
98.925
101.088
110.279
99.336
99.295
96.882
99.309
98.533
95.844
104.109
99.9
99.18
102.036
153.115
101.249
105.599
103.076
100.272
100.965
106.195
122.099
101.801
97.175
97.379
98.093
94.867
94.22
92.202
92.722
87.628
91.642
94.43
95.402
90.472
88.92
90.723
90.304
92.238
99.511
98.313
95.725
94.085
96.552
97.083
96.475
97.707
95.37
94.775
91.977
93.893
92.77
92.048
93.753
92.401
94.3
92.513
91.104
91.609
93.121
91.536
93.43
94.248
94.388
96.681
90.612
95.752
95.003
96.658
96.633
92.114
92.354
98.448
92.011
92.653
92.391
93.592
96.293
92.414
91.167
91.393
90.6
85.136
91.443
90.919
94.484
94.103
93.19
93.665
97.355
99.113
94.448
88.48
90.494
90.672
87.348
86.017
85.788
96.687
98.21
88.018
90.601
86.379
86.725
83.366
94.965
94.455
97.724
91.585
84.294
88.033
85.992
85.252
85.716
93.834
88.102
91.29
86.706
88.977
85.14
86.609
89.064
88.268
85.242
88.861
85.025
87.428
90.165
90.962
88.013
85.718
84.831
85.004
84.596
88.731
85.702
89.361
85.518
86.944
88.325
86.725
85.31
88.74
87.019
87.992
86.939
90.24
86.859
89.118
88.896
88.932
86.893
88.862
86.689
86.072
85.616
87.392
85.63
87.329
85.326
85.944
84.929
90.691
88.366
86.867
85.432
85.313
84.944
85.802
86.741
89.406
86.086
85.665
89.077
88.147
85.583
86.324
87.685
86.966
86.188
86.658
89.41
88.081
86.631
90.704
88.778
87.83
87.615
89.736
88.132
87.345
87.234
86.24
88.609
86.3
86.811
90.989
85.227
87.678
88.71
88.049
87.18
85.941
87.57
92.68
90.925
91.608
92.993
87.916
86.934
89.739
86.137
87.065
88.504
90.853
90.385
90.295
89.876
93.539
90.64
88.36
87.633
89.669
87.746
89.861
89.249
89.782
90.529
90.301
91.013
96.613
95.809
95.48
92.133
93.888
94.259
93.243
94.658
105.3
101.081
95.133
95.084
89.333
91.983
90.5
89.983
88.153
87.521
88.267
89.073
89.819
91.235
87.566
