66.559
63.739
59.559
55.87
55.45
57.305
61.609
59.568
61.236
59.45
57.698
57.728
59.736
58.119
58.669
58.089
58.702
61.312
56.957
58.933
59.406
58.961
57.979
58.054
59.145
60.43
61.212
60.727
59.973
62.116
63.3
67.618
77.866
72.596
66.373
68.983
68.728
68.026
67.327
67.602
67.382
67.872
68.088
68.684
67.282
66.018
65.677
65.68
67.807
65.83
64.063
61.781
58.796
61.327
57.81
59.844
58.835
58.192
58.669
59.101
64.039
64.62
65.163
67.541
65.569
64.121
60.908
60.008
64.79
65.746
63.33
64.945
65.752
62.577
61.696
62.302
61.255
62.194
59.975
60.448
59.911
58.974
60.252
58.075
62.307
66.001
65.818
64.9
64.346
66.324
67.835
68.755
67.114
64.543
62.634
60.26
58.029
57.749
58.684
58.282
57.792
61.75
58.63
59.704
59.707
57.116
59.088
58.754
57.055
55.381
58.556
58.722
61.472
56.986
56.885
56.356
58.766
56.101
55.596
55.938
57.962
56.963
56.445
56.585
59.879
56.606
57.147
58.519
56.514
59.989
57.393
55.458
57.244
56.508
57.608
56.29
55.412
55.463
58.425
61.317
60.849
61.227
59.922
57.751
56.252
56.518
58.965
58.99
56.307
55.241
58.422
59.872
58.631
59.862
57.499
57.927
58.557
60.813
64.636
66.76
67.422
63.771
66.185
63.887
60.624
60.082
57.128
58.021
61.002
58.415
62.134
57.114
60.615
61.41
61.619
59.997
62.174
58.961
57.143
59.348
61.972
58.817
58.875
57.078
57.955
58.403
59.489
59.193
59.811
57.307
57.405
56.786
56.348
59.181
57.566
58.255
58.238
58.507
60.92
58.626
59.911
59.153
57.99
58.707
59.865
57.762
57.577
62.092
60.011
62.064
60.552
60.35
59.002
64.402
58.928
56.949
60.569
59.346
55.12
58.26
56.379
58.797
57.23
57.711
56.359
57.079
58.184
56.997
56.633
56.569
55.682
65.585
67.201
66.81
65.774
63.306
57.951
57.622
59.201
55.432
60.172
59.672
60.485
57.698
67.556
67.453
64.5
62.67
57.495
57.29
58.854
59.76
58.271
58.896
61.145
59.193
59.555
59.877
59.434
58.293
63.286
59.976
60.741
60.816
61.951
59.944
60.322
60.609
60.581
59.103
59.592
60.334
59.631
56.152
56.327
54.569
56.781
57.558
57.13
58.374
60.311
60.93
59.844
57.449
58.732
57.583
60.593
62.197
64.287
64.505
64.344
64.453
64.72
64.206
64.44
64.427
66.364
66.698
64.041
60.763
63.351
67.436
67.852
64.893
63.052
58.842
58.347
58.346
59.648
58.438
56.886
58.74
58.36
61.961
59.895
58.818
58.5
61.203
65.199
64.646
64.542
65.369
63.662
61.209
60.437
57.783
58.98
59.551
63.834
63.816
64.787
63.979
57.379
56.034
56.59
56.832
56.255
61.326
62.184
60.889
60.826
60.929
59.063
59.656
60.216
63.35
63.308
60.953
59.65
57.939
58.797
62.966
62.912
64.756
64.439
65.172
68.541
66.751
64.848
64.144
61.631
59.991
64.368
63.432
61.224
60.65
60.672
62.048
64.09
65.642
63.714
63.856
64.747
63.759
63.301
62.036
63.756
65.077
65.415
63.943
60.959
59.548
69.611
66.081
62.52
57.37
56.781
56.224
55.5
59.338
59.665
59.391
58.692
55.898
59.558
59.005
57.216
58.29
57.825
55.193
56.161
59.537
56.986
55.225
56.41
55.826
55.612
57.698
60.136
63.472
64.558
65.292
65.546
64.466
64.911
60.44
62.303
58.598
57.997
59.811
56.987
58.712
59.874
62.441
63.385
59.252
60.345
58.119
62.666
60.281
59.268
60.733
59.785
59.1
60.167
56.225
56.763
57.258
59.891
56.252
57.029
60.629
60.442
58.264
57.655
62.441
59.676
58.581
58.095
59.454
59.016
58.917
60.278
59.813
59.449
59.84
56.731
58.28
58.672
57.104
58.258
60.93
60.469
59.942
56.461
56.779
62.906
58.417
59.169
58.889
59.94
59.111
57.08
58.007
57.723
61.997
64.151
64.262
64.518
66.102
64.436
63.889
62.233
62.928
56.052
58.798
63.029
64.987
65.653
65.553
64.195
63.471
58.762
56.796
60.024
61.324
58.794
57.298
57.463
56.685
62.405
64.172
63.308
62.631
61.527
58.575
57.893
61.602
61.76
56.484
57.249
61.964
64.503
64.669
63.967
65.202
69.082
68.825
66.741
63.065
63.044
63.877
64.161
61.287
57.448
58.339
57.013
62.563
64.299
65.293
64.046
61.659
59.871
59.65
62.675
63.684
64.499
64.557
62.699
60.151
64.459
61.942
57.156
60.3
57.638
57.951
61.336
60.61
61.052
61.831
63.09
57.927
56.138
55.836
56.751
57.93
58.114
58.288
58.782
62.015
62.17
59.214
59.15
56.297
55.998
55.844
56.788
57.958
55.443
56.058
59.112
57.514
55.915
55.774
57.865
56.428
56.183
58.1
57.086
55.613
56.452
56.643
57.724
57.1
56.392
57.846
55.521
55.986
55.501
54.927
54.818
55.341
55.671
56.166
58.956
58.071
55.952
54.485
55.329
56.174
56.184
58.023
55.49
56.877
56.083
55.299
56.625
55.932
55.359
57.279
56.979
57.306
62.049
58.85
55.638
56.979
54.591
55.142
57.872
55.67
56.225
58.529
56.966
56.346
55.873
55.008
56.813
54.997
55.612
58.28
57.511
56.295
56.635
56.482
56.05
55.56
56.332
56.083
56.074
57.344
55.736
56.774
56.499
57.838
55.608
56.782
55.404
57.758
56.47
54.598
