34.479
31.725
31.139
30.843
29.212
31.383
35.941
31.913
29.595
28.222
28.298
29.846
29.277
28.152
28.241
28.265
27.63
30.782
32.295
30.512
28.9
30.064
31.076
30.954
31.411
29.874
29.077
28.404
28.562
27.865
28.148
28.762
29.001
28.162
28.846
28.941
29.135
28.914
30.19
29.87
29.828
29.654
29.617
28.088
28.759
29.227
28.974
28.931
28.762
30.14
27.294
30.05
29.655
28.732
27.747
27.737
28.027
28.786
29.508
28.846
30.32
29.425
28.389
28.887
27.19
27.304
28.141
27.962
27.867
27.341
28.093
27.585
27.636
28.742
27.392
28.417
28.949
27.719
27.664
27.085
27.221
27.631
28.757
27.625
27.673
28.341
27.275
29.453
29
27.83
27.46
27.588
28.449
27.119
28.51
29.189
28.725
28.823
28.636
27.325
28.351
28.264
29.409
27.136
27.815
27.38
27.383
29.693
27.678
27.34
27.809
28.393
27.139
28.863
28.339
27.732
28.593
27.686
29.512
28.31
28.19
30.075
29.225
29.776
28.359
29.505
29.413
27.693
27.801
28.586
30.926
30.033
29.82
29.297
28.893
29.262
29.251
28.906
29.937
29.223
29.225
31.033
28.522
28.34
29.338
29.206
30.352
28.954
28.266
29.636
27.895
28.058
32.871
35.641
31.554
31.999
38.978
33.94
34.297
33.425
32.459
32.498
32.11
33.932
33.82
34.128
34.497
33.529
32.937
33.227
33.443
33.384
33.369
33.641
32.838
32.039
33.343
30.908
29.553
29.866
27.611
28.726
28.857
29.218
30.951
32.091
32.547
32.282
32.07
31.915
32.233
31.952
31.419
30.149
31.502
31.867
32.052
32.043
31.921
32.378
31.33
29.723
29.699
28.325
27.681
27.195
28.781
29.375
29.883
31.018
31.675
32.671
32.599
32.218
31.901
29.668
27.911
30.487
29.046
30.438
30
29.659
27.98
28.262
30.215
30.664
30.572
29.323
28.893
28.608
29.928
29.503
28.134
28.895
30.448
31.201
30.914
29.784
31.045
30.61
30.033
27.412
28.376
28.964
28.354
28.951
28.443
28.128
28.847
29.967
28.951
29.69
28.567
30.742
29.957
30.829
32.099
32.075
32.566
33.225
32.624
32.219
32.069
30.258
31.17
32.083
31.89
30.645
29.843
30.403
28.384
28.418
29.952
29.33
28.022
28.755
32.163
32.261
30.129
28.712
27.813
28.815
28.476
28.868
29.309
30.253
31.865
29.475
27.707
27.662
27.534
27.707
27.6
28.017
29.616
29.652
27.931
29.864
29.906
30.229
28.24
30.681
31.285
29.59
28.031
28.805
30.497
29.613
30.488
32.119
34.699
34.54
34.87
32.512
34.563
35.59
34.96
32.48
32.511
35.002
33.613
31.95
31.986
31.074
32.197
30.882
31.591
31.958
30.892
28.903
28.006
28.779
27.798
29.005
28.167
29.67
29.202
28.104
27.73
28.12
29.113
28.782
30.949
31.996
29.29
28.645
27.968
28.329
30.946
29.071
30.17
30.208
31.13
30.928
28.741
30.839
30.329
30.599
30.975
31.582
30.311
32.119
31.02
29.869
30.254
29.224
28.463
30.475
29.656
31.447
31.605
31.904
30.766
31.944
31.885
32.088
31.7
31.75
31.552
31.257
29.812
29.923
30.37
29.343
27.725
29.932
30.033
30.393
30.137
30.345
33.35
32.158
32.401
32.252
32.478
32.714
32.452
32.563
32.089
32.088
31.813
32.328
32.691
32.118
32.252
31.215
31.333
29.539
28.434
27.981
28.229
27.653
29.536
28.478
27.88
29.924
30.608
32.067
32.415
32.593
33.216
32.41
32.604
32.184
32.525
29.594
30.063
30.487
32.161
32.397
31.991
32.046
31.979
31.972
32.31
32.261
31.998
29.618
30.988
31.482
31.229
31.892
32.018
30.322
29.571
28.283
30.979
29.283
29.672
31.395
29.532
31.003
31.582
31.08
30.173
30.381
32.43
40.093
37.486
34.164
33.956
35.024
33.599
33.423
35.1
32.327
32.577
32.527
32.223
32.082
29.837
29.866
29.42
28.068
30.724
28.796
29.192
30.727
28.646
29.543
30.562
33.047
28.583
28.033
28.791
29.332
28.609
27.369
28.511
29.96
30.03
29.04
28.77
27.735
27.561
28.139
28.314
30.352
30.783
30.447
30.28
31.821
32.089
31.858
30.363
29.805
29.808
29.516
30.187
30.976
30.07
29.835
29.33
31.402
31.16
30.227
28.842
30.624
29.423
28.557
29.001
29.587
28.803
29.037
30.165
29.806
29.768
30.051
29.304
28.65
29.008
28.689
31.543
31.823
31.59
32.299
36.16
32.398
31.718
31.262
29.842
29.563
29.698
29.67
30.41
31.081
32.862
31.421
29.997
28.571
28.704
29.609
28.364
29.818
29.591
28.744
28.968
30.588
29.54
30.155
33.25
29.808
29.044
29.23
30.65
29.314
30.008
30.463
31.443
32.707
32.028
32.248
32.045
30.462
30.61
29.597
29.229
29.167
28.845
30.746
31.029
29.684
30.135
30.853
30.368
29.697
30.044
29.264
29.236
28.752
29.479
28.879
30.282
30.303
29.244
29.971
31.373
32.601
31.731
29.584
29.159
28.975
32.11
31.849
31.154
28.523
28.44
31.283
29.793
28.681
33.639
33.287
33.01
32.25
31.99
33.041
32.763
33.467
34.137
32.985
32.414
32.186
32.067
32.088
31.721
31.88
31.42
31.588
31.992
32.038
31.934
31.7
32.173
32.007
31.929
32.689
31.965
31.971
32.074
31.92
32.16
31.851
31.773
31.76
32.233
32.25
31.824
32.325
32.124
31.886
32.38
32.484
32.079
34.065
34.494
33.716
32.367
31.906
31.056
31.852
31.213
29.641
29.923
29.13
29.761
30.946
29.645
30.699
31.029
30.49
30.71
28.562
30.533
30.564
29.603
29.466
29.218
29.219
29.348
30.049
30.062
28.201
32.713
33.182
31.485
28.115
29.072
28.638
30.927
32.483
32.44
32.221
33.037
33.038
32.695
32.935
32.424
34.217
41.506
31.909
31.419
32.943
31.948
30.374
30.175
31.691
31.764
31.709
31.299
30.341
32.038
31.922
32.497
32.745
31.648
28.675
28.773
30.97
31.323
31.474
30.705
29.625
29.517
29.465
27.77
29.568
34.091
33.665
33.307
33.197
32.941
32.864
32.844
31.453
32.171
30.867
30.249
30.375
37.557
32.982
31.209
49.477
40.236
33.576
35.74
33.926
33.999
35.64
34.498
35.532
33.764
32.696
35.244
32.509
32.873
32.041
28.773
27.216
28.273
27.58
27.83
27.821
29.434
30.279
28.275
29.603
30.853
29.134
30.616
31.975
31.071
28.649
27.124
28.019
38.332
34.063
34.073
33.355
32.166
32.157
29.624
29.471
31.66
32.39
32.377
32.303
32.03
32.175
33.206
33.451
33.608
32.893
33.063
32.296
31.546
30.721
32.758
32.451
34.023
32.868
33.39
35.296
42.303
35.364
33.113
33.176
31.383
30.142
29.516
30.718
29.283
29.02
29.117
30.709
29.825
31.423
30.141
28.5
31.002
31.572
31.886
31.926
31.244
30.782
29.813
28.153
28.289
28.136
29.332
28.418
28.817
29.567
31.499
28.92
29.958
30.838
28.316
27.558
27.72
28.46
29.07
28.62
27.402
29.691
30.262
29.181
28.11
27.708
28.531
28.424
27.392
26.605
27.364
28.843
30.055
29.978
29.464
27.623
29.152
30.003
28.634
29.982
31.829
31.024
31.937
29.117
30.691
30.775
29.166
29.123
28.453
27.946
28.976
29.791
31.67
33.288
33.56
33.364
32.472
33.118
32.849
33.192
33.007
34.097
32.905
32.281
32.871
33.719
33.426
33.286
32.899
32.512
32.777
33.22
32.408
32.847
32.82
32.437
33.101
32.888
32.883
33.085
32.969
32.538
32.576
31.53
32.485
33.495
30.846
28.511
28.447
28.526
30.697
31.431
31.398
29.296
28.341
29.872
32.589
32.711
32.484
33.167
33.92
33.577
33.757
34.569
34.107
32.642
33.114
31.888
30.532
30.193
28.175
29.025
30.869
31.226
29.899
30.613
30.446
29.569
28.57
28.45
28.735
28.509
27.211
27.557
27.844
28.73
29.987
27.671
27.747
28.31
30.802
28.978
28.437
32.549
32.933
32.803
34.455
35.346
33.887
34.437
34.176
33.396
32.643
33.086
32.6
33.247
32.464
31.405
29.673
30.547
32.646
30.769
29.421
31.701
30.39
29.7
28.898
29.607
31.27
31.834
30.786
32.124
31.658
31.365
32.379
30.125
30.518
31.394
29.49
29.275
30.566
31.104
32.904
31.058
30.539
29.309
28.574
30.049
30.975
30.476
33.231
32.296
33.059
35.377
29.437
28.182
29.534
30.072
29.778
29.87
30.563
28.319
28.889
28.322
29.494
28.297
28.834
28.427
29.7
27.556
27.284
29.599
29.721
28.295
30.038
33.987
33.701
33.503
33.255
32.703
32.41
32.523
32.911
32.629
33.365
32.564
31.694
31.601
31.48
32.647
31.061
30.412
30.553
32.817
32.51
31.433
32.894
33.922
32.43
30.741
31.516
31.828
31.636
30.28
29.859
32.813
32.908
32.869
32.827
33.396
32.983
32.464
32.824
31.972
32.763
32.442
32.311
34.946
34.07
35.318
30.247
30.197
32.539
32.603
34.878
32.472
32.923
32.614
36.028
36.282
34.367
35.638
34.076
32.088
32.076
30.331
30.77
36.2
45.542
30.459
29.114
29.832
29.636
30.351
32.686
31.716
32.706
32.095
32.31
32.716
32.938
32.431
32.921
31.244
28.918
31.113
